1.486720800399780273e+00
2.289721250534057617e+00
2.314698219299316406e+00
2.704706192016601562e+00
3.319713354110717773e+00
3.499996900558471680e+00
3.639708995819091797e+00
3.766711711883544922e+00
4.004693984985351562e+00
4.669713020324707031e+00
4.953700542449951172e+00
5.393708229064941406e+00
5.902708053588867188e+00
6.483700275421142578e+00
6.768864870071411133e+00
7.313697814941406250e+00
7.601731061935424805e+00
8.081697702407836914e+00
9.869712829589843750e+00
9.869712829589843750e+00
