1.434841632843017578e+00
1.486720800399780273e+00
2.418516159057617188e+00
2.442723035812377930e+00
2.604696989059448242e+00
3.293696403503417969e+00
3.499996900558471680e+00
3.741701126098632812e+00
4.104715824127197266e+00
4.644719362258911133e+00
4.980734825134277344e+00
5.215706110000610352e+00
5.555706024169921875e+00
5.608702182769775391e+00
5.798779249191284180e+00
5.823706150054931641e+00
5.955707788467407227e+00
6.324710369110107422e+00
6.508696794509887695e+00
6.538737297058105469e+00
6.588709592819213867e+00
6.716707229614257812e+00
6.768864870071411133e+00
7.313697814941406250e+00
7.661705732345581055e+00
8.106700658798217773e+00
9.869712829589843750e+00
9.869712829589843750e+00
