2.701989650726318359e+00
3.169003009796142578e+00
3.669993638992309570e+00
3.769976377487182617e+00
3.972977399826049805e+00
4.204984426498413086e+00
5.542989015579223633e+00
5.799007892608642578e+00
5.848995685577392578e+00
5.874752759933471680e+00
6.290981054306030273e+00
6.501975059509277344e+00
6.873979091644287109e+00
7.179994583129882812e+00
7.716981172561645508e+00
7.919085741043090820e+00
8.637998580932617188e+00
1.025298810005187988e+01
1.037998104095458984e+01
1.043199801445007324e+01
1.055899763107299805e+01
1.055899763107299805e+01
