2.675986051559448242e+00
3.194977760314941406e+00
3.669993638992309570e+00
3.769976377487182617e+00
3.972977399826049805e+00
4.254978179931640625e+00
5.014011144638061523e+00
5.197005271911621094e+00
5.542989015579223633e+00
5.799007892608642578e+00
5.823995590209960938e+00
5.874752759933471680e+00
6.290981054306030273e+00
6.528974771499633789e+00
6.873979091644287109e+00
7.179994583129882812e+00
7.690003633499145508e+00
7.919085741043090820e+00
8.558984279632568359e+00
1.027897882461547852e+01
1.035502028465270996e+01
1.045698189735412598e+01
1.055899763107299805e+01
1.055899763107299805e+01
