5.049569606781005859e-01
1.540968179702758789e+00
2.119950771331787109e+00
2.427967309951782227e+00
2.651962041854858398e+00
3.432965278625488281e+00
3.913921833038330078e+00
4.213901281356811523e+00
4.778967618942260742e+00
4.886954307556152344e+00
4.912954807281494141e+00
5.039952993392944336e+00
5.065939664840698242e+00
5.142965793609619141e+00
5.562954187393188477e+00
5.590054273605346680e+00
5.639952898025512695e+00
5.815963506698608398e+00
6.410969734191894531e+00
7.983967542648315430e+00
9.199002027511596680e+00
