1.434841632843017578e+00
1.561721801757812500e+00
2.418516159057617188e+00
2.442723035812377930e+00
2.604696989059448242e+00
3.293696403503417969e+00
3.499996900558471680e+00
3.716715097427368164e+00
3.766711711883544922e+00
4.029704093933105469e+00
4.695703268051147461e+00
4.953700542449951172e+00
5.267744064331054688e+00
5.927740097045898438e+00
6.349710464477539062e+00
6.768864870071411133e+00
7.313697814941406250e+00
7.634698390960693359e+00
8.106700658798217773e+00
9.869712829589843750e+00
9.869712829589843750e+00
