2.675986051559448242e+00
3.251003742218017578e+00
4.023985624313354492e+00
4.204984426498413086e+00
5.567991733551025391e+00
5.799007892608642578e+00
5.823995590209960938e+00
5.874752759933471680e+00
6.290981054306030273e+00
6.528974771499633789e+00
6.554013490676879883e+00
6.579987525939941406e+00
6.873979091644287109e+00
7.179994583129882812e+00
7.690003633499145508e+00
7.919085741043090820e+00
8.506985902786254883e+00
1.027897882461547852e+01
1.035502028465270996e+01
1.043199801445007324e+01
1.055899763107299805e+01
1.055899763107299805e+01
