5.309705734252929688e-01
9.989767074584960938e-01
1.023957967758178711e+00
1.286953926086425781e+00
2.145979166030883789e+00
2.427967309951782227e+00
2.575957775115966797e+00
2.676957368850708008e+00
3.038960695266723633e+00
3.149956464767456055e+00
3.508954763412475586e+00
3.913921833038330078e+00
4.213901281356811523e+00
4.624577999114990234e+00
4.701981544494628906e+00
5.167957544326782227e+00
5.453954219818115234e+00
5.562954187393188477e+00
5.844959735870361328e+00
5.921987533569335938e+00
6.000988960266113281e+00
7.590979814529418945e+00
9.199002027511596680e+00
