5.619440078735351562e-01
7.199428081512451172e-01
1.454940795898437500e+00
1.875940799713134766e+00
2.369937658309936523e+00
3.667941093444824219e+00
4.458936214447021484e+00
4.488068103790283203e+00
4.598942995071411133e+00
5.040942668914794922e+00
5.326944351196289062e+00
5.378943443298339844e+00
5.559937953948974609e+00
5.718060970306396484e+00
5.744943857192993164e+00
5.921949863433837891e+00
6.151939868927001953e+00
6.545948505401611328e+00
6.958940029144287109e+00
7.678949356079101562e+00
8.002969026565551758e+00
8.532949686050415039e+00
1.054695677757263184e+01
1.054695677757263184e+01
