6.679444313049316406e-01
7.199428081512451172e-01
1.454940795898437500e+00
1.875940799713134766e+00
2.447939872741699219e+00
2.522987842559814453e+00
2.731943368911743164e+00
2.783939838409423828e+00
2.972934961318969727e+00
3.060989379882812500e+00
3.614439249038696289e+00
4.598942995071411133e+00
4.632102489471435547e+00
4.656961202621459961e+00
4.960958003997802734e+00
5.015965700149536133e+00
5.532957077026367188e+00
5.744943857192993164e+00
5.769974946975708008e+00
5.921949863433837891e+00
6.545948505401611328e+00
6.570958375930786133e+00
6.672959089279174805e+00
6.698985815048217773e+00
6.829950094223022461e+00
6.905940771102905273e+00
7.653962135314941406e+00
7.976962566375732422e+00
8.002969026565551758e+00
8.121938467025756836e+00
1.054695677757263184e+01
1.054695677757263184e+01
