6.409397125244140625e-01
8.509464263916015625e-01
1.480027198791503906e+00
1.900986671447753906e+00
2.731943368911743164e+00
3.060989379882812500e+00
3.641938686370849609e+00
4.598942995071411133e+00
4.632102489471435547e+00
4.656961202621459961e+00
4.960958003997802734e+00
5.532957077026367188e+00
5.718060970306396484e+00
5.744943857192993164e+00
5.921949863433837891e+00
6.176939487457275391e+00
6.438934803009033203e+00
6.545948505401611328e+00
6.597939014434814453e+00
6.672959089279174805e+00
6.698985815048217773e+00
6.829950094223022461e+00
6.854943990707397461e+00
7.678949356079101562e+00
7.976962566375732422e+00
8.002969026565551758e+00
8.121938467025756836e+00
1.054695677757263184e+01
1.054695677757263184e+01
