6.146228313446044922e-01
6.929490566253662109e-01
1.692938566207885742e+00
2.114204645156860352e+00
2.731943368911743164e+00
2.758941411972045898e+00
3.641938686370849609e+00
4.458936214447021484e+00
4.488068103790283203e+00
4.632102489471435547e+00
4.656961202621459961e+00
4.987963914871215820e+00
5.040942668914794922e+00
5.326944351196289062e+00
5.378943443298339844e+00
5.532957077026367188e+00
5.687938213348388672e+00
5.744943857192993164e+00
5.921949863433837891e+00
6.360944509506225586e+00
6.412968635559082031e+00
6.438934803009033203e+00
6.520941972732543945e+00
6.570958375930786133e+00
6.672959089279174805e+00
6.698985815048217773e+00
6.804958820343017578e+00
6.932943820953369141e+00
7.733956575393676758e+00
7.899937868118286133e+00
7.976962566375732422e+00
8.635961055755615234e+00
1.054695677757263184e+01
1.054695677757263184e+01
