5.869462490081787109e-01
7.199428081512451172e-01
1.480027198791503906e+00
1.925945281982421875e+00
2.289941072463989258e+00
2.497968435287475586e+00
3.667941093444824219e+00
4.598942995071411133e+00
4.681936979293823242e+00
4.731938600540161133e+00
4.906946897506713867e+00
5.040942668914794922e+00
5.326944351196289062e+00
5.378943443298339844e+00
5.532957077026367188e+00
5.718060970306396484e+00
5.921949863433837891e+00
6.151939868927001953e+00
6.570958375930786133e+00
6.932943820953369141e+00
7.653962135314941406e+00
8.041957378387451172e+00
8.557964801788330078e+00
1.054695677757263184e+01
1.054695677757263184e+01
