5.869462490081787109e-01
8.769438266754150391e-01
1.480027198791503906e+00
1.900986671447753906e+00
2.731943368911743164e+00
3.085964679718017578e+00
3.614439249038696289e+00
4.598942995071411133e+00
4.632102489471435547e+00
4.681936979293823242e+00
4.832511663436889648e+00
4.856938362121582031e+00
4.960958003997802734e+00
5.015965700149536133e+00
5.532957077026367188e+00
5.718060970306396484e+00
5.921949863433837891e+00
6.176939487457275391e+00
6.438934803009033203e+00
6.495943784713745117e+00
6.545948505401611328e+00
6.570958375930786133e+00
6.672959089279174805e+00
6.725939035415649414e+00
6.829950094223022461e+00
6.880951881408691406e+00
7.627958297729492188e+00
7.926936149597167969e+00
8.121938467025756836e+00
1.054695677757263184e+01
1.054695677757263184e+01
