5.869462490081787109e-01
8.239459991455078125e-01
1.480027198791503906e+00
1.875940799713134766e+00
2.369937658309936523e+00
2.549947023391723633e+00
2.705955028533935547e+00
3.217960834503173828e+00
3.560969114303588867e+00
4.656961202621459961e+00
4.960958003997802734e+00
5.559937953948974609e+00
5.687938213348388672e+00
5.718060970306396484e+00
5.921949863433837891e+00
6.176939487457275391e+00
6.468374967575073242e+00
6.495943784713745117e+00
6.545948505401611328e+00
6.647944450378417969e+00
6.829950094223022461e+00
6.854943990707397461e+00
7.704943656921386719e+00
7.872952699661254883e+00
7.899937868118286133e+00
8.094949483871459961e+00
8.380938053131103516e+00
8.532949686050415039e+00
1.054695677757263184e+01
1.054695677757263184e+01
