5.619440078735351562e-01
7.449543476104736328e-01
1.508106946945190430e+00
1.875940799713134766e+00
2.396951436996459961e+00
3.641938686370849609e+00
4.458936214447021484e+00
4.488068103790283203e+00
4.598942995071411133e+00
5.067955255508422852e+00
5.353943347930908203e+00
5.378943443298339844e+00
5.532957077026367188e+00
5.718060970306396484e+00
5.744943857192993164e+00
5.921949863433837891e+00
6.151939868927001953e+00
6.545948505401611328e+00
6.983937978744506836e+00
7.678949356079101562e+00
8.041957378387451172e+00
8.557964801788330078e+00
1.054695677757263184e+01
1.054695677757263184e+01
