6.929490566253662109e-01
1.480027198791503906e+00
1.950958490371704102e+00
2.264965534210205078e+00
2.574993848800659180e+00
2.680945158004760742e+00
3.324955463409423828e+00
3.533937931060791016e+00
4.598942995071411133e+00
5.040942668914794922e+00
5.610939264297485352e+00
5.635944604873657227e+00
5.662944078445434570e+00
5.946938514709472656e+00
6.622948646545410156e+00
6.829950094223022461e+00
7.520938634872436523e+00
7.704943656921386719e+00
7.899937868118286133e+00
7.951939344406127930e+00
8.635961055755615234e+00
1.054695677757263184e+01
