6.929490566253662109e-01
1.454940795898437500e+00
1.875940799713134766e+00
2.289941072463989258e+00
2.574993848800659180e+00
2.600935935974121094e+00
2.630938291549682617e+00
2.680945158004760742e+00
3.351940870285034180e+00
3.507935047149658203e+00
4.598942995071411133e+00
4.987963914871215820e+00
5.610939264297485352e+00
5.635944604873657227e+00
5.662944078445434570e+00
5.921949863433837891e+00
6.597939014434814453e+00
6.829950094223022461e+00
7.520938634872436523e+00
7.704943656921386719e+00
7.872952699661254883e+00
8.660969972610473633e+00
1.054695677757263184e+01
