7.009766101837158203e-01
1.356970310211181641e+00
1.381961107254028320e+00
1.718971014022827148e+00
2.583000898361206055e+00
2.709964036941528320e+00
2.759967803955078125e+00
3.508962392807006836e+00
3.610986709594726562e+00
4.326969146728515625e+00
4.401966571807861328e+00
4.722962856292724609e+00
4.779144287109375000e+00
4.909984111785888672e+00
4.934980630874633789e+00
5.097970247268676758e+00
5.723963260650634766e+00
6.010990858078002930e+00
6.434962511062622070e+00
6.726962566375732422e+00
7.206965923309326172e+00
7.652971029281616211e+00
7.987980365753173828e+00
8.314013004302978516e+00
8.657981634140014648e+00
8.890962839126586914e+00
9.373965263366699219e+00
9.663975954055786133e+00
1.030029582977294922e+01
1.073895764350891113e+01
1.136497902870178223e+01
1.227198171615600586e+01
