7.009766101837158203e-01
1.381961107254028320e+00
1.409982681274414062e+00
1.718971014022827148e+00
2.759967803955078125e+00
2.784958839416503906e+00
2.809969425201416016e+00
4.019979715347290039e+00
4.072834014892578125e+00
4.146969318389892578e+00
4.326969146728515625e+00
4.909984111785888672e+00
4.934980630874633789e+00
5.067967176437377930e+00
5.723963260650634766e+00
6.010990858078002930e+00
6.434962511062622070e+00
6.726962566375732422e+00
7.206965923309326172e+00
7.652971029281616211e+00
7.963893413543701172e+00
8.314013004302978516e+00
8.657981634140014648e+00
8.915973186492919922e+00
9.348983049392700195e+00
9.688966751098632812e+00
1.032496881484985352e+01
1.139496254920959473e+01
1.227198171615600586e+01
