7.259681224822998047e-01
1.253971815109252930e+00
1.306980848312377930e+00
1.718971014022827148e+00
2.784958839416503906e+00
2.912173748016357422e+00
3.481964588165283203e+00
4.351970434188842773e+00
4.401966571807861328e+00
4.909984111785888672e+00
4.959982156753540039e+00
5.042003154754638672e+00
5.723963260650634766e+00
6.010990858078002930e+00
6.434962511062622070e+00
6.751965045928955078e+00
7.206965923309326172e+00
7.652971029281616211e+00
7.963893413543701172e+00
8.314013004302978516e+00
8.657981634140014648e+00
8.890962839126586914e+00
9.348983049392700195e+00
9.688966751098632812e+00
1.026996874809265137e+01
1.076397800445556641e+01
1.078996777534484863e+01
1.136497902870178223e+01
1.227198171615600586e+01
