7.259681224822998047e-01
1.409982681274414062e+00
1.434962987899780273e+00
1.718971014022827148e+00
2.634965658187866211e+00
2.734959363937377930e+00
2.759967803955078125e+00
3.917964696884155273e+00
3.942960262298583984e+00
4.072834014892578125e+00
4.326969146728515625e+00
4.909984111785888672e+00
4.934980630874633789e+00
5.042003154754638672e+00
5.723963260650634766e+00
6.010990858078002930e+00
6.434962511062622070e+00
6.726962566375732422e+00
7.206965923309326172e+00
7.652971029281616211e+00
7.963893413543701172e+00
8.314013004302978516e+00
8.657981634140014648e+00
8.940981388092041016e+00
9.373965263366699219e+00
9.713958978652954102e+00
1.032496881484985352e+01
1.139496254920959473e+01
1.227198171615600586e+01
