7.009766101837158203e-01
1.331964492797851562e+00
1.356970310211181641e+00
1.718971014022827148e+00
2.583000898361206055e+00
2.759967803955078125e+00
2.784958839416503906e+00
3.481964588165283203e+00
3.610986709594726562e+00
4.326969146728515625e+00
4.722962856292724609e+00
4.747974395751953125e+00
4.909984111785888672e+00
4.934980630874633789e+00
5.123984813690185547e+00
5.258996009826660156e+00
5.338963508605957031e+00
5.696984052658081055e+00
6.010990858078002930e+00
6.434962511062622070e+00
6.726962566375732422e+00
7.231963396072387695e+00
7.652971029281616211e+00
7.963893413543701172e+00
8.314013004302978516e+00
8.657981634140014648e+00
8.915973186492919922e+00
9.373965263366699219e+00
9.663975954055786133e+00
1.030029582977294922e+01
1.139496254920959473e+01
1.227198171615600586e+01
