7.259681224822998047e-01
1.356970310211181641e+00
1.409982681274414062e+00
1.718971014022827148e+00
2.988985300064086914e+00
3.075964450836181641e+00
3.481964588165283203e+00
3.610986709594726562e+00
3.661967039108276367e+00
4.197960615158081055e+00
4.453961133956909180e+00
4.617962360382080078e+00
4.642987251281738281e+00
4.779144287109375000e+00
4.804963111877441406e+00
4.884962558746337891e+00
4.909984111785888672e+00
5.388958930969238281e+00
5.696984052658081055e+00
6.010990858078002930e+00
6.434962511062622070e+00
6.776958465576171875e+00
7.206965923309326172e+00
7.677963972091674805e+00
7.963893413543701172e+00
8.314013004302978516e+00
8.657981634140014648e+00
8.966017723083496094e+00
9.373965263366699219e+00
9.663975954055786133e+00
1.026996874809265137e+01
1.076397800445556641e+01
1.139496254920959473e+01
1.227198171615600586e+01
