7.009766101837158203e-01
1.331964492797851562e+00
1.743972778320312500e+00
2.734959363937377930e+00
2.759967803955078125e+00
2.784958839416503906e+00
3.481964588165283203e+00
3.636975288391113281e+00
3.686957836151123047e+00
4.044977188110351562e+00
4.072834014892578125e+00
4.401966571807861328e+00
4.428970336914062500e+00
4.909984111785888672e+00
4.959982156753540039e+00
5.042003154754638672e+00
5.723963260650634766e+00
6.010990858078002930e+00
6.434962511062622070e+00
6.726962566375732422e+00
7.206965923309326172e+00
7.677963972091674805e+00
7.963893413543701172e+00
8.314013004302978516e+00
8.657981634140014648e+00
8.890962839126586914e+00
9.373965263366699219e+00
9.663975954055786133e+00
1.030029582977294922e+01
1.076397800445556641e+01
1.136497902870178223e+01
1.227198171615600586e+01
