1.132984161376953125e+00
1.645984888076782227e+00
2.153975963592529297e+00
2.289019346237182617e+00
2.752995729446411133e+00
2.802982807159423828e+00
2.878972768783569336e+00
3.106998920440673828e+00
3.478993177413940430e+00
5.223005533218383789e+00
5.555009126663208008e+00
5.869986534118652344e+00
6.284986019134521484e+00
6.527990341186523438e+00
7.163977146148681641e+00
7.295979738235473633e+00
7.663979530334472656e+00
8.002005100250244141e+00
8.026976346969604492e+00
8.080982208251953125e+00
9.318973541259765625e+00
9.343993663787841797e+00
9.368979454040527344e+00
9.583977937698364258e+00
