1.363009452819824219e+00
1.541978597640991211e+00
2.233987092971801758e+00
2.259008646011352539e+00
2.289019346237182617e+00
2.928978443145751953e+00
3.106998920440673828e+00
3.603991746902465820e+00
3.868979692459106445e+00
4.098995208740234375e+00
5.223005533218383789e+00
5.606976747512817383e+00
5.869986534118652344e+00
6.259990215301513672e+00
6.527990341186523438e+00
7.163977146148681641e+00
7.295979738235473633e+00
7.612858533859252930e+00
7.638975620269775391e+00
7.663979530334472656e+00
7.691005706787109375e+00
7.717986583709716797e+00
7.768099308013916016e+00
8.843979835510253906e+00
8.921993970870971680e+00
9.483975410461425781e+00
9.583977937698364258e+00
