1.183979749679565430e+00
2.025007247924804688e+00
2.128994226455688477e+00
2.259008646011352539e+00
2.878972768783569336e+00
3.106998920440673828e+00
3.478993177413940430e+00
4.753985643386840820e+00
4.792977809906005859e+00
5.223005533218383789e+00
5.638108253479003906e+00
5.869986534118652344e+00
6.284986019134521484e+00
6.527990341186523438e+00
7.163977146148681641e+00
7.295979738235473633e+00
7.663979530334472656e+00
9.318973541259765625e+00
9.368979454040527344e+00
9.583977937698364258e+00
