3.209869861602783203e-01
1.591979980468750000e+00
1.641996383666992188e+00
1.990984439849853516e+00
2.092009544372558594e+00
2.369988679885864258e+00
2.395987749099731445e+00
2.920991420745849609e+00
3.077986717224121094e+00
3.609004259109497070e+00
3.902993202209472656e+00
4.249986648559570312e+00
4.646410703659057617e+00
4.934987068176269531e+00
5.223981857299804688e+00
5.589006662368774414e+00
6.014980077743530273e+00
6.935985088348388672e+00
7.484982728958129883e+00
8.255981206893920898e+00
8.255981206893920898e+00
