3.209869861602783203e-01
1.158984661102294922e+00
1.567007064819335938e+00
1.990984439849853516e+00
2.117985725402832031e+00
2.395987749099731445e+00
2.448989629745483398e+00
2.705028057098388672e+00
3.153993368148803711e+00
3.579984188079833984e+00
3.902993202209472656e+00
4.249986648559570312e+00
4.646410703659057617e+00
4.934987068176269531e+00
5.249002218246459961e+00
5.589006662368774414e+00
5.914983272552490234e+00
5.964980840682983398e+00
6.935985088348388672e+00
7.384006023406982422e+00
8.255981206893920898e+00
8.255981206893920898e+00
