4.530630111694335938e-01
1.978054761886596680e+00
2.453068971633911133e+00
2.628053426742553711e+00
2.653079032897949219e+00
3.478051900863647461e+00
3.528069019317626953e+00
3.928074836730957031e+00
3.953053236007690430e+00
4.805065631866455078e+00
4.855062246322631836e+00
4.880052089691162109e+00
6.430055856704711914e+00
6.530053377151489258e+00
7.180052995681762695e+00
7.330051422119140625e+00
7.580051660537719727e+00
7.605052471160888672e+00
8.306067705154418945e+00
8.556052684783935547e+00
9.156053066253662109e+00
9.581056356430053711e+00
1.030607223510742188e+01
1.098107028007507324e+01
1.173108649253845215e+01
1.265705776214599609e+01
1.328207468986511230e+01
1.418206739425659180e+01
1.435707116127014160e+01
1.523306965827941895e+01
1.710805392265319824e+01
1.710805392265319824e+01
