1.770718097686767578e-01
1.278054714202880859e+00
1.504057168960571289e+00
1.529059886932373047e+00
2.831055164337158203e+00
3.256078004837036133e+00
4.957072257995605469e+00
5.507064580917358398e+00
5.557051897048950195e+00
5.582053661346435547e+00
5.857056617736816406e+00
6.457050800323486328e+00
6.557058334350585938e+00
7.007074117660522461e+00
7.482071161270141602e+00
8.007070779800415039e+00
8.532109022140502930e+00
9.134053945541381836e+00
9.284065485000610352e+00
1.025906729698181152e+01
1.070905494689941406e+01
1.121105551719665527e+01
1.168700480461120605e+01
1.176205158233642578e+01
1.231305265426635742e+01
1.291505408287048340e+01
1.304007411003112793e+01
1.366708517074584961e+01
1.434205055236816406e+01
1.559206700325012207e+01
