9.280514717102050781e-01
1.781050205230712891e+00
3.381051540374755859e+00
6.511052370071411133e+00
6.711071491241455078e+00
6.736050605773925781e+00
6.761068105697631836e+00
7.161052942276000977e+00
7.186061859130859375e+00
7.236066579818725586e+00
7.663073301315307617e+00
7.688057661056518555e+00
8.391052722930908203e+00
8.716056108474731445e+00
8.766053438186645508e+00
9.291052818298339844e+00
9.717061281204223633e+00
9.742070913314819336e+00
1.001706862449645996e+01
1.004204916954040527e+01
1.009202837944030762e+01
1.011705112457275391e+01
1.064206767082214355e+01
1.069207501411437988e+01
1.137007474899291992e+01
1.139505362510681152e+01
1.224705266952514648e+01
1.227205157279968262e+01
1.279705548286437988e+01
1.314705061912536621e+01
1.317205119132995605e+01
1.397205996513366699e+01
1.399706792831420898e+01
1.434704971313476562e+01
1.437206530570983887e+01
1.444705152511596680e+01
1.447200727462768555e+01
1.484707975387573242e+01
1.524706101417541504e+01
1.527206897735595703e+01
1.529705786705017090e+01
1.532206177711486816e+01
1.569712805747985840e+01
1.609705328941345215e+01
1.612205743789672852e+01
1.622207427024841309e+01
1.624705219268798828e+01
1.669905114173889160e+01
1.714907407760620117e+01
1.717405414581298828e+01
1.724905276298522949e+01
1.727406215667724609e+01
1.759905004501342773e+01
1.799906849861145020e+01
1.802405309677124023e+01
1.804905343055725098e+01
1.809906220436096191e+01
1.849901890754699707e+01
1.884905052185058594e+01
1.887407159805297852e+01
1.892407751083374023e+01
2.395206069946289062e+01
2.597905206680297852e+01
2.597905206680297852e+01
