5.004620552062988281e-02
7.506418228149414062e-02
1.750478744506835938e-01
2.250440120697021484e-01
3.250591754913330078e-01
3.750708103179931641e-01
4.250488281250000000e-01
1.529043912887573242e+00
2.957042455673217773e+00
4.032046079635620117e+00
6.913064002990722656e+00
9.315043210983276367e+00
9.365074634552001953e+00
9.490062952041625977e+00
1.009004831314086914e+01
1.099004650115966797e+01
1.101505637168884277e+01
1.124004530906677246e+01
1.641704845428466797e+01
1.646706676483154297e+01
1.659206604957580566e+01
1.661704826354980469e+01
1.676704621315002441e+01
1.679205250740051270e+01
1.864204549789428711e+01
1.874204516410827637e+01
1.879206538200378418e+01
1.899204421043395996e+01
1.904204607009887695e+01
1.906706476211547852e+01
1.911706304550170898e+01
1.914204955101013184e+01
1.931704711914062500e+01
1.934205055236816406e+01
1.956805968284606934e+01
1.959306192398071289e+01
1.976805186271667480e+01
2.026804304122924805e+01
2.031806111335754395e+01
2.036804461479187012e+01
2.049306964874267578e+01
2.061806321144104004e+01
2.064304685592651367e+01
2.099305558204650879e+01
2.141804742813110352e+01
2.154306244850158691e+01
2.231806564331054688e+01
2.251805973052978516e+01
2.259404873847961426e+01
2.264404654502868652e+01
2.269406247138977051e+01
2.281906127929687500e+01
2.349405002593994141e+01
2.381906414031982422e+01
2.384404540061950684e+01
2.391905689239501953e+01
2.454406237602233887e+01
2.461906242370605469e+01
2.464404773712158203e+01
2.466905260086059570e+01
2.469404554367065430e+01
2.599505829811096191e+01
2.599505829811096191e+01
