1.203040361404418945e+00
3.882039785385131836e+00
5.557037830352783203e+00
6.407034635543823242e+00
8.958061933517456055e+00
9.709044694900512695e+00
1.033405089378356934e+01
1.143404865264892578e+01
1.178404045104980469e+01
1.260905623435974121e+01
1.333503985404968262e+01
1.383506584167480469e+01
1.471005392074584961e+01
1.501203894615173340e+01
1.521203589439392090e+01
1.531203770637512207e+01
1.533705425262451172e+01
1.541205096244812012e+01
1.548704028129577637e+01
1.566203522682189941e+01
1.586203885078430176e+01
1.621203923225402832e+01
1.623703718185424805e+01
1.891705799102783203e+01
1.891705799102783203e+01
