2.506732940673828125e-02
7.280564308166503906e-01
2.004016637802124023e+00
2.305050849914550781e+00
4.055047035217285156e+00
4.730052947998046875e+00
6.355062723159790039e+00
6.605065822601318359e+00
7.231092929840087891e+00
7.256050109863281250e+00
7.281048774719238281e+00
7.356066703796386719e+00
7.606047630310058594e+00
8.082062244415283203e+00
8.507061719894409180e+00
8.557066679000854492e+00
8.632055044174194336e+00
8.682049274444580078e+00
8.832049369812011719e+00
9.157023429870605469e+00
9.557049512863159180e+00
9.907068252563476562e+00
1.025704979896545410e+01
1.080804920196533203e+01
1.103306055068969727e+01
1.143307209014892578e+01
1.228306460380554199e+01
1.293305039405822754e+01
1.338305473327636719e+01
1.400807094573974609e+01
1.450804996490478516e+01
1.543304800987243652e+01
1.568304777145385742e+01
1.645805168151855469e+01
1.670805239677429199e+01
1.693305015563964844e+01
1.695806527137756348e+01
1.723305773735046387e+01
1.725801825523376465e+01
1.768304848670959473e+01
1.783304953575134277e+01
1.790804982185363770e+01
1.793305087089538574e+01
1.858304953575134277e+01
1.860806703567504883e+01
1.950805568695068359e+01
1.953305077552795410e+01
2.095906400680541992e+01
2.110905766487121582e+01
