2.506685256958007812e-02
1.300051450729370117e+00
1.603070020675659180e+00
2.728018283843994141e+00
3.153063774108886719e+00
3.178080320358276367e+00
3.503057956695556641e+00
4.853058815002441406e+00
6.178049564361572266e+00
6.629066705703735352e+00
7.204067468643188477e+00
7.879074811935424805e+00
7.929067373275756836e+00
8.379061460494995117e+00
8.479049921035766602e+00
8.504056453704833984e+00
8.854051113128662109e+00
8.904072761535644531e+00
9.354052782058715820e+00
9.404050588607788086e+00
9.454055070877075195e+00
9.679050683975219727e+00
1.007905054092407227e+01
1.055404901504516602e+01
1.112904620170593262e+01
1.115406608581542969e+01
1.135405039787292480e+01
1.165404868125915527e+01
1.205405092239379883e+01
1.207904887199401855e+01
1.212905263900756836e+01
1.260405230522155762e+01
1.267904829978942871e+01
1.351205611228942871e+01
