1.101061105728149414e+00
3.901051759719848633e+00
3.926054954528808594e+00
4.326070785522460938e+00
4.351052045822143555e+00
7.676103830337524414e+00
8.476053476333618164e+00
8.751054763793945312e+00
1.212703871726989746e+01
1.227706909179687500e+01
1.302705717086791992e+01
1.320206332206726074e+01
1.372705101966857910e+01
1.417708277702331543e+01
1.462705707550048828e+01
1.467705321311950684e+01
1.547707009315490723e+01
1.595209741592407227e+01
1.600205206871032715e+01
1.607706069946289062e+01
1.622705411911010742e+01
1.697905683517456055e+01
1.722906041145324707e+01
1.785406303405761719e+01
1.800405335426330566e+01
1.877906417846679688e+01
1.945405411720275879e+01
1.947905635833740234e+01
1.950407266616821289e+01
1.980405473709106445e+01
2.097905373573303223e+01
