3.260626792907714844e-01
3.510546684265136719e-01
6.780712604522705078e-01
7.030680179595947266e-01
7.280647754669189453e-01
1.428069114685058594e+00
1.681060314178466797e+00
1.706048488616943359e+00
1.881056785583496094e+00
3.731049776077270508e+00
3.756068706512451172e+00
4.558054447174072266e+00
5.308092832565307617e+00
5.358074426651000977e+00
5.408050060272216797e+00
5.508050918579101562e+00
5.583050489425659180e+00
5.608076095581054688e+00
6.010050058364868164e+00
6.035051584243774414e+00
6.060055732727050781e+00
6.660050153732299805e+00
7.110072851181030273e+00
7.160114049911499023e+00
7.185050487518310547e+00
7.685049533843994141e+00
7.910048007965087891e+00
8.337049484252929688e+00
8.437051773071289062e+00
8.837054014205932617e+00
9.387067794799804688e+00
9.412051439285278320e+00
9.587048292160034180e+00
1.099005246162414551e+01
1.101506662368774414e+01
1.239306807518005371e+01
1.247005057334899902e+01
1.417306542396545410e+01
1.457406330108642578e+01
1.464907503128051758e+01
1.469906711578369141e+01
1.474904990196228027e+01
1.477405333518981934e+01
1.489904832839965820e+01
1.492405486106872559e+01
1.504906725883483887e+01
1.507405138015747070e+01
1.509904956817626953e+01
1.514905428886413574e+01
1.519906330108642578e+01
1.534904980659484863e+01
1.597505068778991699e+01
1.602501130104064941e+01
1.615005588531494141e+01
1.630104899406433105e+01
1.632604885101318359e+01
1.652604842185974121e+01
1.810206794738769531e+01
1.830205059051513672e+01
1.832705855369567871e+01
1.835204935073852539e+01
1.845205521583557129e+01
1.850204968452453613e+01
1.852705144882202148e+01
1.855205130577087402e+01
1.895206952095031738e+01
1.917709207534790039e+01
1.920305132865905762e+01
1.922805619239807129e+01
1.925305294990539551e+01
1.930305552482604980e+01
2.165705084800720215e+01
2.230706787109375000e+01
2.265704917907714844e+01
2.313204979896545410e+01
2.516106247901916504e+01
2.531105113029479980e+01
2.533605432510375977e+01
2.536105918884277344e+01
2.868604636192321777e+01
2.871105122566223145e+01
2.933605861663818359e+01
2.941104984283447266e+01
2.943607234954833984e+01
2.948605394363403320e+01
2.986406087875366211e+01
2.991405606269836426e+01
3.166406130790710449e+01
3.171405887603759766e+01
3.196406912803649902e+01
3.198905396461486816e+01
3.228905129432678223e+01
3.231406426429748535e+01
3.236405086517333984e+01
3.238904857635498047e+01
3.241406774520874023e+01
3.243905735015869141e+01
3.246406936645507812e+01
3.248904800415039062e+01
3.251405119895935059e+01
3.253908562660217285e+01
3.256406736373901367e+01
3.258906602859497070e+01
3.263905358314514160e+01
3.271406483650207520e+01
3.324104809761047363e+01
3.326607131958007812e+01
3.331605434417724609e+01
3.334105944633483887e+01
3.351605653762817383e+01
3.356605100631713867e+01
3.361606574058532715e+01
3.364103722572326660e+01
3.369105815887451172e+01
3.374107742309570312e+01
3.379108738899230957e+01
3.384107160568237305e+01
3.386604881286621094e+01
3.389104914665222168e+01
3.389104914665222168e+01
