2.505207061767578125e-02
4.500467777252197266e-01
4.750468730926513672e-01
6.000416278839111328e-01
6.500456333160400391e-01
1.725043058395385742e+00
2.200040340423583984e+00
2.400058746337890625e+00
2.425058841705322266e+00
4.350046873092651367e+00
4.400040388107299805e+00
4.475042343139648438e+00
7.575042486190795898e+00
7.775045394897460938e+00
8.451046943664550781e+00
8.951040267944335938e+00
1.195306158065795898e+01
1.288004970550537109e+01
1.290505433082580566e+01
1.453206133842468262e+01
1.483206057548522949e+01
1.485705947875976562e+01
1.590805935859680176e+01
1.590805935859680176e+01
