6.780424118041992188e-01
1.528060913085937500e+00
1.578040122985839844e+00
3.003044128417968750e+00
3.028043031692504883e+00
3.178050518035888672e+00
3.503039121627807617e+00
3.728042840957641602e+00
3.753040313720703125e+00
4.028046607971191406e+00
5.029042005538940430e+00
6.054054737091064453e+00
6.455054044723510742e+00
6.480046987533569336e+00
6.730067968368530273e+00
6.880042552947998047e+00
6.930042028427124023e+00
7.380054712295532227e+00
7.930061101913452148e+00
8.280039072036743164e+00
8.355040311813354492e+00
8.455043315887451172e+00
9.130053997039794922e+00
