4.500732421875000000e-01
3.004061698913574219e+00
3.756070613861083984e+00
4.206068515777587891e+00
5.257051229476928711e+00
5.735056877136230469e+00
6.060066699981689453e+00
6.935066461563110352e+00
8.060047864913940430e+00
8.760050296783447266e+00
8.885029315948486328e+00
8.985008478164672852e+00
9.010051727294921875e+00
9.385052919387817383e+00
9.435050010681152344e+00
1.006205940246582031e+01
1.041207599639892578e+01
1.043705224990844727e+01
1.096603751182556152e+01
1.242104864120483398e+01
1.384604907035827637e+01
1.384604907035827637e+01
