7.770743370056152344e-01
8.270807266235351562e-01
3.080078363418579102e+00
4.330034017562866211e+00
4.430073499679565430e+00
5.008073568344116211e+00
5.884070873260498047e+00
5.909022331237792969e+00
5.934063196182250977e+00
6.659056901931762695e+00
7.335059642791748047e+00
8.337072610855102539e+00
9.062076807022094727e+00
9.712055206298828125e+00
9.962072134017944336e+00
1.036211776733398438e+01
1.038706707954406738e+01
1.066205453872680664e+01
1.071205949783325195e+01
1.081205630302429199e+01
1.158806586265563965e+01
1.163808369636535645e+01
1.166307091712951660e+01
1.251305532455444336e+01
