4.260542392730712891e-01
1.851054668426513672e+00
2.226054906845092773e+00
2.326081514358520508e+00
2.351073265075683594e+00
2.726076126098632812e+00
4.251057624816894531e+00
4.276054143905639648e+00
4.301055431365966797e+00
4.726055383682250977e+00
6.352082729339599609e+00
8.604055166244506836e+00
8.704066991806030273e+00
9.579061746597290039e+00
1.015407276153564453e+01
1.065405201911926270e+01
1.130507040023803711e+01
1.175506162643432617e+01
1.223006534576416016e+01
1.240507888793945312e+01
1.383007669448852539e+01
1.383007669448852539e+01
