# epoch test_accuracy train_avg_loss test_avg_loss train_accuracy
0 30.6542 1.78e+00 1.80e+00 28.7705
1 67.5389 9.54e-01 8.53e-01 63.4749
2 75.5763 7.55e-01 6.92e-01 71.3194
3 80.8100 6.85e-01 6.41e-01 73.4997
4 81.3707 6.31e-01 6.11e-01 75.4327
5 77.8193 5.90e-01 6.68e-01 77.3432
6 81.1838 5.57e-01 6.08e-01 78.4671
7 81.6199 5.32e-01 5.73e-01 79.9730
8 83.1776 5.27e-01 5.22e-01 78.8267
9 80.4361 4.94e-01 5.81e-01 80.4450
10 77.1340 4.74e-01 7.33e-01 80.9845
11 79.8754 4.67e-01 6.04e-01 81.9510
12 82.6791 4.56e-01 5.28e-01 82.2657
13 79.6885 4.38e-01 6.09e-01 82.6703
14 79.2523 4.19e-01 6.22e-01 83.7492
15 82.6791 4.12e-01 5.30e-01 84.6258
16 79.6885 4.10e-01 6.03e-01 84.2437
17 81.1215 3.82e-01 6.00e-01 85.4799
18 81.9315 3.92e-01 5.42e-01 84.7831
19 78.0062 3.66e-01 6.56e-01 86.6037
20 81.8692 3.59e-01 5.64e-01 86.8959
21 81.9315 3.65e-01 5.50e-01 86.3115
22 80.0623 3.64e-01 5.96e-01 86.1317
23 79.9377 3.50e-01 6.09e-01 86.3565
24 80.3115 3.52e-01 5.86e-01 86.6262
25 80.7477 3.55e-01 6.30e-01 86.9634
26 80.5607 3.50e-01 6.26e-01 86.5588
27 81.0592 3.26e-01 6.03e-01 88.0423
28 82.7414 3.30e-01 5.32e-01 87.4803
29 78.0062 3.25e-01 6.81e-01 87.7725
30 80.3115 3.35e-01 5.65e-01 87.2780
31 80.3115 3.25e-01 5.81e-01 88.0423
32 79.8754 3.30e-01 5.99e-01 87.6377
33 79.1900 3.31e-01 6.40e-01 87.4354
34 78.6293 3.21e-01 6.43e-01 87.9748
35 81.2461 3.39e-01 6.11e-01 87.6152
36 80.5607 3.36e-01 5.89e-01 87.4803
37 78.4424 3.16e-01 7.25e-01 87.8400
38 79.3769 3.19e-01 6.27e-01 88.0872
39 78.5047 3.05e-01 6.85e-01 88.5368
40 79.3769 3.03e-01 6.43e-01 88.2895
41 77.8193 3.10e-01 7.96e-01 87.9748
42 79.5016 3.07e-01 6.29e-01 88.5592
43 80.2492 3.19e-01 5.92e-01 88.0423
44 77.6947 3.08e-01 7.00e-01 89.0088
45 79.0031 3.02e-01 6.14e-01 88.4918
46 80.6854 2.94e-01 6.39e-01 88.8964
47 80.5607 3.09e-01 6.27e-01 88.1996
48 78.5047 2.98e-01 6.63e-01 89.0537
49 80.2492 2.91e-01 6.48e-01 89.1211
50 78.0685 2.88e-01 6.80e-01 89.0537
51 78.5670 3.15e-01 7.20e-01 88.2670
52 80.0623 2.87e-01 5.80e-01 89.2335
53 75.9502 2.84e-01 7.31e-01 88.6941
54 78.6293 2.97e-01 6.30e-01 88.5592
55 80.0000 3.02e-01 5.81e-01 88.4244
56 80.5607 2.89e-01 6.16e-01 88.8514
57 77.1963 2.83e-01 7.27e-01 89.2785
58 77.7570 2.80e-01 7.25e-01 89.4808
59 81.5576 2.76e-01 5.98e-01 89.4583
60 79.4393 2.80e-01 6.79e-01 89.3909
61 80.7477 2.81e-01 5.64e-01 89.9078
62 79.4393 2.92e-01 6.27e-01 89.2560
63 76.1371 2.78e-01 7.92e-01 89.6831
64 79.2523 2.93e-01 7.23e-01 89.1886
65 80.3115 2.74e-01 6.14e-01 89.7730
66 79.9377 2.82e-01 6.16e-01 89.6831
67 79.8131 2.77e-01 6.13e-01 89.7056
68 79.7508 2.83e-01 6.40e-01 89.0987
69 79.0654 2.91e-01 6.49e-01 88.5368
70 75.6386 2.73e-01 8.15e-01 89.7955
71 81.0592 2.96e-01 5.82e-01 89.0312
72 78.3178 2.84e-01 6.75e-01 89.3234
73 76.5109 2.74e-01 7.33e-01 89.6606
74 78.5047 2.78e-01 7.01e-01 89.7505
75 78.7539 2.74e-01 7.20e-01 89.5257
76 80.8100 2.74e-01 6.22e-01 89.5932
77 79.5016 2.66e-01 6.57e-01 89.7056
78 78.8785 2.67e-01 6.30e-01 90.0427
79 80.5607 2.88e-01 5.93e-01 89.1211
80 78.0685 2.65e-01 6.76e-01 90.3574
81 79.9377 2.75e-01 6.35e-01 89.6156
82 76.0748 2.83e-01 7.48e-01 89.1886
83 76.5109 2.94e-01 6.80e-01 88.9189
84 79.6262 2.80e-01 6.27e-01 89.4583
85 78.8785 2.73e-01 6.61e-01 90.2225
86 77.7570 2.81e-01 7.10e-01 88.9863
87 79.3769 2.72e-01 6.71e-01 89.7280
88 79.3146 2.71e-01 6.39e-01 90.2900
89 77.5701 2.60e-01 6.53e-01 90.5372
90 79.0654 2.59e-01 6.38e-01 90.1551
91 80.4984 2.74e-01 6.44e-01 90.0427
92 76.3240 2.70e-01 7.57e-01 89.9528
93 79.5639 2.73e-01 6.05e-01 89.9528
94 77.7570 2.68e-01 7.19e-01 89.9078
95 77.6947 2.70e-01 6.72e-01 89.9753
96 79.1900 2.61e-01 6.80e-01 90.0427
97 79.6262 2.60e-01 6.79e-01 89.9303
98 76.6978 2.60e-01 6.48e-01 90.4922
99 78.5670 2.74e-01 6.66e-01 89.3684
100 77.8193 2.68e-01 7.17e-01 90.2675
101 77.1963 2.74e-01 7.65e-01 89.9078
102 79.8131 2.57e-01 6.25e-01 90.6945
103 79.7508 2.69e-01 6.77e-01 90.2225
104 80.3738 2.59e-01 6.01e-01 90.5822
105 80.2492 2.49e-01 5.58e-01 90.7620
106 79.5639 2.60e-01 6.73e-01 90.1326
107 77.4455 2.65e-01 6.77e-01 90.1551
108 78.4424 2.54e-01 7.33e-01 90.7395
109 79.1277 2.55e-01 6.57e-01 90.3124
110 77.4455 2.59e-01 6.97e-01 90.5822
111 78.3801 2.54e-01 6.58e-01 90.5372
112 78.4424 2.50e-01 7.48e-01 91.1666
113 77.5701 2.50e-01 7.15e-01 90.2900
114 75.1402 2.58e-01 7.67e-01 90.3349
115 75.8878 2.71e-01 7.64e-01 89.9078
116 79.1277 2.57e-01 6.38e-01 90.9867
117 76.5109 2.68e-01 7.13e-01 89.8629
118 78.1931 2.54e-01 6.78e-01 90.2675
119 75.8878 2.71e-01 8.56e-01 89.2335
120 79.4393 2.61e-01 6.60e-01 89.9078
121 79.2523 2.50e-01 5.92e-01 91.1216
122 78.6293 2.60e-01 6.48e-01 90.3349
123 77.9439 2.60e-01 7.39e-01 89.9753
124 78.1931 2.45e-01 6.68e-01 90.4922
125 77.6324 2.60e-01 6.49e-01 90.0427
126 77.6324 2.56e-01 6.63e-01 90.5597
127 78.7539 2.55e-01 6.58e-01 89.8629
128 78.5670 2.48e-01 6.84e-01 91.0766
129 80.7477 2.56e-01 6.99e-01 90.6046
130 77.5701 2.63e-01 7.47e-01 89.9303
131 79.8131 2.59e-01 6.02e-01 90.3349
132 77.7570 2.53e-01 7.13e-01 90.5597
133 80.3738 2.55e-01 5.83e-01 90.6721
134 77.3209 2.46e-01 7.03e-01 90.6271
135 78.6293 2.42e-01 6.44e-01 91.0542
136 77.3832 2.60e-01 6.96e-01 90.0202
137 77.1340 2.54e-01 7.93e-01 90.3799
138 79.5016 2.57e-01 6.18e-01 90.4922
139 80.0000 2.47e-01 6.76e-01 90.0877
140 77.6947 2.46e-01 7.71e-01 90.7844
141 79.1900 2.52e-01 6.01e-01 90.2900
142 79.7508 2.44e-01 6.15e-01 91.0092
143 80.7477 2.43e-01 6.19e-01 91.0766
144 79.9377 2.57e-01 6.62e-01 90.6496
145 80.5607 2.62e-01 5.66e-01 90.0877
146 77.1963 2.54e-01 8.44e-01 90.7620
147 76.7601 2.48e-01 7.12e-01 90.8744
148 78.3801 2.46e-01 7.78e-01 90.8069
149 78.3178 2.38e-01 6.52e-01 91.0766
150 77.5701 2.41e-01 6.61e-01 91.4138
151 79.2523 2.43e-01 6.29e-01 91.0542
152 76.9470 2.61e-01 6.76e-01 89.9977
153 78.1931 2.58e-01 7.33e-01 90.0652
154 78.6293 2.50e-01 6.33e-01 90.7170
155 76.7601 2.44e-01 7.59e-01 90.8069
156 76.9470 2.52e-01 7.48e-01 90.4473
157 80.4984 2.47e-01 5.95e-01 90.7620
158 80.0000 2.45e-01 6.08e-01 90.5597
159 80.7477 2.42e-01 6.24e-01 90.8968
160 78.5670 2.41e-01 6.48e-01 90.6046
161 79.6262 2.41e-01 6.30e-01 90.8519
162 78.9408 2.54e-01 6.46e-01 90.3124
163 77.4455 2.48e-01 8.09e-01 90.6046
164 76.0748 2.60e-01 7.22e-01 90.2225
165 78.2555 2.49e-01 6.86e-01 90.6496
166 78.8162 2.39e-01 6.54e-01 90.8069
167 78.7539 2.33e-01 6.44e-01 91.3239
168 77.6947 2.34e-01 7.32e-01 91.1890
169 79.0031 2.51e-01 7.18e-01 90.6271
170 77.9439 2.42e-01 6.68e-01 91.0991
171 78.3801 2.39e-01 7.03e-01 90.9418
172 79.3769 2.42e-01 6.26e-01 91.0092
173 78.5670 2.46e-01 6.99e-01 90.5597
174 76.5732 2.27e-01 8.03e-01 91.6161
175 76.6355 2.53e-01 7.48e-01 90.4698
176 79.3146 2.51e-01 6.29e-01 90.6945
177 79.2523 2.36e-01 6.38e-01 91.3239
178 79.1900 2.39e-01 6.85e-01 91.1890
179 78.5670 2.43e-01 6.48e-01 90.7844
180 78.7539 2.49e-01 6.89e-01 90.4248
181 79.5639 2.43e-01 5.84e-01 91.0766
182 77.1963 2.33e-01 6.92e-01 91.4138
183 77.8193 2.37e-01 7.40e-01 91.2340
184 78.6293 2.60e-01 6.61e-01 90.9418
185 79.6262 2.42e-01 6.93e-01 90.8069
186 78.9408 2.37e-01 6.21e-01 90.9867
187 78.0062 2.35e-01 6.89e-01 90.9193
188 79.3769 2.48e-01 6.09e-01 90.7844
189 80.1869 2.43e-01 6.19e-01 91.0991
190 77.8816 2.47e-01 6.70e-01 90.5372
191 78.8162 2.49e-01 6.56e-01 90.8968
192 76.7601 2.39e-01 6.94e-01 90.7170
193 76.9470 2.42e-01 7.59e-01 90.8968
194 77.2586 2.45e-01 6.53e-01 90.4023
195 77.6947 2.28e-01 7.14e-01 91.7734
196 78.0062 2.36e-01 6.67e-01 91.3464
197 78.7539 2.42e-01 6.26e-01 91.2340
198 79.3769 2.48e-01 6.76e-01 90.7844
199 78.0062 2.47e-01 6.65e-01 90.7620
200 77.0716 2.38e-01 7.20e-01 91.1666
201 79.3769 2.32e-01 6.31e-01 91.0991
202 79.8754 2.33e-01 6.36e-01 91.4363
203 79.3146 2.38e-01 6.72e-01 91.2789
204 81.4953 2.33e-01 6.29e-01 91.2789
205 78.5670 2.31e-01 6.59e-01 91.4588
206 79.0031 2.45e-01 6.83e-01 90.3799
207 77.2586 2.25e-01 6.65e-01 91.3239
208 76.3240 2.36e-01 7.62e-01 90.9643
209 78.7539 2.35e-01 6.95e-01 90.7395
210 77.7570 2.39e-01 6.61e-01 91.1216
211 76.7601 2.39e-01 7.31e-01 91.1216
212 75.7009 2.42e-01 7.09e-01 91.0766
213 79.6262 2.28e-01 6.77e-01 91.3913
214 77.5078 2.29e-01 7.29e-01 91.4138
215 80.0000 2.28e-01 6.51e-01 91.5936
216 76.5109 2.39e-01 6.90e-01 91.2789
217 75.8878 2.41e-01 6.76e-01 90.8294
218 79.1900 2.44e-01 6.26e-01 90.4922
219 77.9439 2.46e-01 7.19e-01 90.3799
220 76.8224 2.50e-01 7.56e-01 90.6496
221 81.1838 2.31e-01 5.84e-01 91.2340
222 78.1931 2.27e-01 6.67e-01 91.2340
223 79.3769 2.36e-01 6.02e-01 91.2340
224 78.0062 2.40e-01 7.00e-01 90.9867
225 80.3738 2.25e-01 6.03e-01 91.4812
226 79.6885 2.47e-01 6.73e-01 90.4023
227 78.7539 2.40e-01 6.76e-01 90.9643
228 78.0685 2.23e-01 6.91e-01 91.8858
229 79.5016 2.28e-01 6.34e-01 91.4363
230 79.6262 2.30e-01 7.14e-01 91.2789
231 78.9408 2.36e-01 6.45e-01 91.2789
232 77.8816 2.53e-01 7.64e-01 90.4023
233 76.7601 2.34e-01 7.46e-01 91.3014
234 78.5047 2.34e-01 6.57e-01 91.5936
235 78.4424 2.31e-01 6.75e-01 91.0542
236 78.0062 2.25e-01 6.44e-01 91.6386
237 78.6293 2.39e-01 6.54e-01 90.8069
238 79.1900 2.37e-01 6.72e-01 91.2115
239 78.0685 2.26e-01 6.39e-01 91.4588
240 78.0062 2.43e-01 7.06e-01 90.9643
241 75.5140 2.29e-01 7.47e-01 91.5487
242 78.3178 2.41e-01 7.12e-01 90.5147
243 77.8193 2.30e-01 7.46e-01 91.2115
244 77.8193 2.34e-01 7.14e-01 91.2115
245 76.5109 2.30e-01 7.96e-01 91.5037
246 79.3146 2.32e-01 6.58e-01 91.0991
247 78.6916 2.20e-01 6.59e-01 92.0881
248 78.2555 2.35e-01 6.76e-01 91.3464
249 77.0093 2.24e-01 7.13e-01 91.7510
250 78.4424 2.35e-01 7.16e-01 91.2789
251 79.1900 2.33e-01 6.44e-01 90.9867
252 79.7508 2.27e-01 6.55e-01 91.3014
253 80.1246 2.32e-01 6.07e-01 91.1216
254 78.6293 2.21e-01 7.25e-01 92.2005
255 78.7539 2.33e-01 6.21e-01 91.4588
256 79.0031 2.38e-01 6.12e-01 91.1216
257 74.8910 2.35e-01 7.61e-01 91.4363
258 77.8193 2.24e-01 6.33e-01 91.8184
259 76.6978 2.41e-01 7.64e-01 90.6945
260 78.4424 2.31e-01 6.47e-01 91.4138
261 79.5016 2.32e-01 6.02e-01 91.2340
262 78.4424 2.30e-01 6.51e-01 91.7959
263 79.1900 2.27e-01 6.76e-01 91.4138
264 77.1963 2.27e-01 6.43e-01 91.3239
265 79.5016 2.33e-01 6.27e-01 91.3239
266 77.5078 2.30e-01 7.58e-01 91.1666
267 76.1371 2.32e-01 8.00e-01 91.1441
268 81.1215 2.39e-01 5.62e-01 90.8519
269 79.3146 2.32e-01 6.37e-01 91.1666
270 76.1994 2.34e-01 6.99e-01 90.9193
271 78.0062 2.44e-01 7.98e-01 90.6945
272 80.4361 2.55e-01 5.71e-01 90.4248
273 77.5701 2.30e-01 6.56e-01 91.5936
274 77.3832 2.28e-01 7.69e-01 91.6161
275 76.6355 2.29e-01 6.85e-01 91.5262
276 79.8131 2.25e-01 6.17e-01 91.4363
277 78.7539 2.23e-01 6.65e-01 91.9308
278 80.2492 2.22e-01 6.13e-01 91.7959
279 79.0031 2.39e-01 6.69e-01 90.9643
280 78.8162 2.36e-01 7.95e-01 91.3689
281 78.9408 2.45e-01 7.30e-01 90.9418
282 79.3146 2.27e-01 6.69e-01 91.6161
283 75.8255 2.38e-01 7.67e-01 90.8519
284 78.3178 2.32e-01 6.75e-01 90.9193
285 78.0685 2.25e-01 7.41e-01 91.7510
286 78.8785 2.30e-01 6.38e-01 91.9308
287 79.5016 2.27e-01 6.49e-01 91.7285
288 78.3178 2.36e-01 7.77e-01 90.9643
289 76.8224 2.38e-01 6.36e-01 91.1216
290 77.8193 2.18e-01 6.93e-01 91.8858
291 77.5078 2.26e-01 7.12e-01 91.3239
292 80.4984 2.50e-01 6.17e-01 90.4922
293 79.8754 2.42e-01 6.29e-01 90.9418
294 78.0685 2.37e-01 6.49e-01 91.3014
295 77.6947 2.28e-01 6.79e-01 91.2565
296 78.3178 2.38e-01 6.90e-01 90.8519
297 79.4393 2.28e-01 6.96e-01 91.3689
298 75.3271 2.36e-01 6.98e-01 91.2565
299 80.2492 2.46e-01 6.46e-01 90.6721
300 80.0623 2.41e-01 6.50e-01 91.0991
301 78.3801 2.26e-01 7.00e-01 91.5037
302 78.9408 2.25e-01 5.80e-01 91.5936
303 78.3801 2.26e-01 6.71e-01 91.8184
304 78.9408 2.30e-01 6.43e-01 91.6161
305 79.5639 2.36e-01 6.01e-01 91.0317
306 79.8131 2.29e-01 6.47e-01 91.4138
307 77.6324 2.30e-01 6.74e-01 91.7285
308 79.9377 2.22e-01 5.90e-01 91.7734
309 78.2555 2.27e-01 6.72e-01 91.6610
310 76.3863 2.33e-01 6.80e-01 91.1441
311 74.9533 2.41e-01 6.93e-01 90.1776
312 80.3738 2.31e-01 6.54e-01 91.1890
313 76.6978 2.28e-01 7.05e-01 91.4588
314 79.2523 2.19e-01 6.37e-01 91.7510
315 79.7508 2.23e-01 6.58e-01 91.7959
316 74.7664 2.26e-01 8.02e-01 91.4588
317 77.5078 2.42e-01 6.33e-01 90.6271
318 78.1308 2.33e-01 6.77e-01 90.8744
319 77.3209 2.38e-01 6.53e-01 91.0991
320 75.5140 2.30e-01 8.02e-01 91.1216
321 80.3115 2.21e-01 6.57e-01 91.9308
322 76.8224 2.31e-01 6.82e-01 91.1666
323 74.0187 2.36e-01 8.17e-01 91.1216
324 76.2617 2.42e-01 8.23e-01 91.0991
325 78.7539 2.23e-01 7.20e-01 91.7060
326 81.4953 2.31e-01 5.86e-01 91.3689
327 78.1931 2.29e-01 7.12e-01 91.5487
328 79.6885 2.22e-01 6.49e-01 91.8633
329 76.5109 2.33e-01 6.45e-01 91.3689
330 76.5109 2.25e-01 7.54e-01 91.8633
331 79.8131 2.17e-01 6.46e-01 91.9532
332 78.5047 2.34e-01 6.94e-01 90.8519
333 78.4424 2.30e-01 6.75e-01 91.1216
334 78.9408 2.25e-01 6.09e-01 91.7285
335 78.1308 2.32e-01 6.76e-01 91.2789
336 76.5109 2.41e-01 7.35e-01 90.5372
337 76.9470 2.40e-01 7.63e-01 90.9193
338 79.3146 2.23e-01 6.71e-01 91.7060
339 77.4455 2.20e-01 6.85e-01 91.9308
340 78.5670 2.31e-01 7.19e-01 91.7959
341 79.4393 2.23e-01 6.16e-01 91.7734
342 80.0000 2.32e-01 5.87e-01 91.4812
343 79.5639 2.23e-01 7.06e-01 91.7734
344 76.6978 2.19e-01 7.70e-01 91.8184
345 78.3178 2.34e-01 6.89e-01 91.1890
346 80.0000 2.37e-01 6.92e-01 90.6046
347 79.8131 2.39e-01 6.18e-01 90.8744
348 79.3146 2.33e-01 6.49e-01 91.0317
349 77.5078 2.34e-01 6.60e-01 91.1890
350 77.7570 2.24e-01 6.50e-01 91.7959
351 79.0031 2.27e-01 6.59e-01 91.0317
352 77.5701 2.34e-01 6.55e-01 91.2565
353 77.2586 2.28e-01 7.11e-01 91.3464
354 77.6324 2.18e-01 7.43e-01 91.8184
355 80.7477 2.33e-01 6.67e-01 91.3239
356 81.1838 2.26e-01 6.33e-01 91.7285
357 78.9408 2.30e-01 6.58e-01 91.2340
358 78.7539 2.36e-01 6.69e-01 91.4363
359 77.7570 2.40e-01 6.90e-01 91.2115
360 76.8224 2.23e-01 7.66e-01 91.1890
361 79.2523 2.17e-01 6.78e-01 91.9982
362 79.6885 2.22e-01 6.67e-01 92.0656
363 78.1931 2.32e-01 6.30e-01 91.3014
364 77.4455 2.41e-01 6.77e-01 90.8968
365 78.9408 2.23e-01 6.86e-01 91.3913
366 78.3178 2.26e-01 6.46e-01 91.4363
367 78.3178 2.29e-01 7.45e-01 91.3239
368 80.1869 2.20e-01 6.62e-01 91.9982
369 79.4393 2.22e-01 6.31e-01 91.7510
370 79.0031 2.27e-01 6.27e-01 91.2565
371 79.6885 2.54e-01 6.70e-01 90.1101
372 80.2492 2.26e-01 6.23e-01 91.3464
373 76.3863 2.39e-01 8.15e-01 90.5822
374 78.3178 2.27e-01 6.95e-01 91.2565
375 77.6324 2.45e-01 7.19e-01 91.1216
376 77.0093 2.37e-01 7.17e-01 90.7620
377 79.6885 2.20e-01 6.49e-01 91.9308
378 79.0031 2.28e-01 6.41e-01 90.9867
379 76.7601 2.32e-01 8.16e-01 90.9418
380 77.6947 2.34e-01 7.66e-01 91.2789
381 78.6916 2.35e-01 6.31e-01 90.9643
382 78.5670 2.26e-01 6.63e-01 91.1666
383 78.3801 2.29e-01 6.92e-01 91.7510
384 78.7539 2.17e-01 6.78e-01 91.9757
385 78.6916 2.18e-01 6.49e-01 91.9083
386 78.3178 2.25e-01 7.48e-01 91.9083
387 79.3769 2.20e-01 7.07e-01 91.5711
388 76.5109 2.27e-01 8.04e-01 91.3689
389 79.5639 2.37e-01 6.66e-01 91.0092
390 78.2555 2.23e-01 7.17e-01 92.2230
391 79.1900 2.21e-01 7.19e-01 91.4138
392 76.5109 2.24e-01 7.50e-01 91.6835
393 79.0031 2.29e-01 6.66e-01 91.4588
394 78.5047 2.28e-01 7.50e-01 91.3464
395 78.0685 2.23e-01 6.51e-01 91.3014
396 78.6916 2.37e-01 6.51e-01 90.5822
397 78.3178 2.33e-01 6.92e-01 91.2340
398 78.8785 2.31e-01 6.74e-01 91.1441
399 77.9439 2.54e-01 6.53e-01 90.3574
