# epoch test_accuracy train_avg_loss test_avg_loss train_accuracy
0 2.1184 2.59e+00 2.71e+00 6.7431
1 75.0156 1.01e+00 7.75e-01 63.9694
2 72.5234 8.21e-01 7.47e-01 71.1845
3 78.0062 8.38e-01 7.40e-01 71.2744
4 79.0031 8.11e-01 6.98e-01 70.2180
5 78.8785 7.79e-01 7.23e-01 72.5331
6 76.7601 7.66e-01 7.30e-01 71.4543
7 73.3956 7.52e-01 7.40e-01 72.9153
8 76.2617 7.54e-01 7.08e-01 72.7804
9 72.3988 7.46e-01 7.81e-01 72.7130
10 72.2741 7.42e-01 7.74e-01 72.4657
11 72.5234 7.48e-01 7.85e-01 72.6231
12 73.4579 7.53e-01 7.66e-01 73.0726
13 72.7103 7.49e-01 7.58e-01 72.2185
14 73.7072 7.42e-01 7.70e-01 72.5331
15 73.3956 7.31e-01 7.78e-01 73.0951
16 70.9034 7.31e-01 8.33e-01 73.0052
17 70.7788 7.48e-01 8.00e-01 72.9377
18 72.5857 7.55e-01 7.84e-01 72.2859
19 72.3364 7.30e-01 8.25e-01 72.9153
20 73.6449 7.31e-01 7.99e-01 72.2185
21 70.8411 7.55e-01 8.34e-01 72.6905
22 73.3956 7.47e-01 7.96e-01 72.6905
23 71.2773 7.26e-01 8.09e-01 73.0501
24 69.9688 7.22e-01 8.70e-01 73.2299
25 73.0841 7.23e-01 7.94e-01 72.9827
26 72.5857 7.25e-01 8.18e-01 73.4772
27 73.5202 7.38e-01 8.22e-01 71.9038
28 71.1526 7.37e-01 8.51e-01 72.7130
29 72.0872 7.40e-01 8.47e-01 72.7130
30 70.9034 7.51e-01 8.49e-01 72.3533
31 69.9065 7.23e-01 8.60e-01 72.5781
32 71.6511 7.51e-01 8.50e-01 72.4882
33 66.9782 7.38e-01 8.67e-01 72.4432
34 71.2150 7.30e-01 8.51e-01 72.6680
35 66.3551 7.37e-01 9.11e-01 72.8029
36 67.7259 7.23e-01 8.78e-01 72.7130
37 64.4860 7.25e-01 9.38e-01 73.2299
38 63.5514 7.29e-01 9.39e-01 72.7579
39 67.1651 7.16e-01 8.98e-01 73.1625
40 67.5389 7.24e-01 8.69e-01 72.9602
41 65.7944 7.27e-01 9.37e-01 72.8703
42 66.5421 7.38e-01 8.73e-01 72.1960
43 67.1651 7.37e-01 9.14e-01 72.5556
44 64.4860 7.32e-01 9.37e-01 72.6006
45 65.1713 7.23e-01 9.64e-01 73.1176
46 67.2274 7.25e-01 9.41e-01 72.8029
47 68.4735 7.35e-01 9.00e-01 73.0951
48 66.7913 7.26e-01 9.42e-01 72.2185
49 64.2991 7.28e-01 9.56e-01 72.5107
50 62.1184 7.25e-01 1.04e+00 73.1176
51 68.3489 7.24e-01 9.01e-01 72.8029
52 65.4206 7.26e-01 9.62e-01 72.7130
53 67.6012 7.35e-01 9.48e-01 73.0726
54 66.3551 7.45e-01 9.59e-01 72.3533
55 65.1713 7.22e-01 9.58e-01 73.2075
56 66.2928 7.27e-01 9.54e-01 72.9602
57 67.6012 7.20e-01 9.31e-01 73.4772
58 65.4206 7.20e-01 9.62e-01 73.0726
59 67.0405 7.25e-01 9.70e-01 73.2974
60 67.6012 7.50e-01 9.46e-01 73.7469
61 65.6075 7.57e-01 9.78e-01 71.9488
62 65.9190 7.21e-01 9.83e-01 72.8029
63 68.7227 7.22e-01 9.13e-01 73.2299
64 68.9097 7.19e-01 9.18e-01 72.7579
65 63.8629 7.29e-01 1.02e+00 73.1176
66 67.5389 7.24e-01 9.60e-01 72.6006
67 65.8567 7.25e-01 1.00e+00 73.2075
68 64.9844 8.26e-01 1.03e+00 72.9602
69 65.6075 7.55e-01 1.02e+00 71.0272
70 64.2368 7.16e-01 1.00e+00 72.6231
71 65.6075 7.16e-01 9.89e-01 73.1400
72 65.3583 7.26e-01 9.63e-01 73.1400
73 65.9190 7.20e-01 9.72e-01 72.6231
74 67.7882 7.14e-01 9.65e-01 73.5221
75 69.0966 7.19e-01 9.64e-01 73.0052
76 66.7913 7.19e-01 9.98e-01 73.1625
77 66.0436 7.26e-01 1.03e+00 72.7579
78 63.9875 7.22e-01 1.07e+00 72.8029
79 65.5452 7.21e-01 9.76e-01 73.2749
80 65.0467 7.15e-01 9.96e-01 72.9827
81 67.1028 7.27e-01 9.69e-01 72.2410
82 62.4299 7.19e-01 1.07e+00 73.1176
83 65.6075 7.21e-01 1.05e+00 73.2749
84 67.2897 7.23e-01 1.01e+00 72.8928
85 64.1122 7.36e-01 1.04e+00 72.7130
86 64.7975 7.42e-01 1.00e+00 72.2634
87 69.4704 7.36e-01 9.45e-01 72.5556
88 65.6075 7.30e-01 1.00e+00 72.9377
89 64.9221 7.19e-01 1.00e+00 72.9377
90 66.4798 7.21e-01 1.01e+00 72.3983
91 67.9751 7.16e-01 9.91e-01 72.9827
92 69.6573 7.21e-01 9.70e-01 72.2859
93 67.8505 7.23e-01 1.01e+00 72.5107
94 63.2399 7.18e-01 1.10e+00 73.3198
95 67.6012 7.32e-01 9.95e-01 72.6905
96 66.7913 7.18e-01 9.98e-01 72.8703
97 66.4174 7.27e-01 9.96e-01 72.4882
98 64.4237 7.20e-01 1.06e+00 73.2749
99 67.1028 7.24e-01 1.02e+00 73.0276
100 67.5389 7.25e-01 1.03e+00 72.9153
101 68.9097 7.33e-01 9.93e-01 72.8029
102 66.0436 7.32e-01 1.04e+00 72.7130
103 64.6729 7.23e-01 1.02e+00 72.3309
104 65.2336 7.27e-01 1.06e+00 73.4772
105 66.4174 7.68e-01 1.04e+00 71.9712
106 64.7975 7.13e-01 1.06e+00 72.9827
107 67.9128 7.21e-01 9.69e-01 72.6231
108 66.4798 7.22e-01 1.03e+00 73.4322
109 66.2928 7.19e-01 1.02e+00 72.6455
110 64.7352 7.33e-01 1.08e+00 72.8254
111 64.7352 7.32e-01 1.05e+00 72.4657
112 66.9782 7.29e-01 1.02e+00 73.1850
113 66.1059 7.22e-01 1.06e+00 73.0951
114 66.5421 7.35e-01 1.01e+00 72.8928
115 64.1745 7.21e-01 1.07e+00 72.3983
116 63.4891 7.37e-01 1.10e+00 72.1061
117 67.4143 7.35e-01 1.03e+00 72.3309
118 64.0498 7.34e-01 1.10e+00 71.9488
119 67.2274 7.25e-01 1.02e+00 73.1850
120 66.5421 7.28e-01 1.04e+00 72.8478
121 65.6698 7.41e-01 1.02e+00 72.0836
122 67.8505 7.30e-01 1.03e+00 72.6231
123 66.7290 7.30e-01 1.07e+00 72.0387
124 67.9128 7.44e-01 1.02e+00 73.1625
125 67.1651 7.37e-01 1.03e+00 72.1735
126 65.1090 7.21e-01 1.06e+00 73.1400
127 65.6075 7.22e-01 1.05e+00 72.9377
128 64.8598 7.34e-01 1.08e+00 72.4432
129 67.6636 7.44e-01 1.02e+00 72.7354
130 67.1028 7.21e-01 1.02e+00 73.0726
131 66.9782 7.25e-01 1.05e+00 72.7354
132 64.7352 7.39e-01 1.07e+00 72.5107
133 65.1090 7.24e-01 1.08e+00 72.4432
134 64.5483 7.22e-01 1.08e+00 72.9602
135 67.9128 7.29e-01 1.04e+00 72.7130
136 66.6044 7.24e-01 1.02e+00 72.3533
137 67.1028 7.21e-01 1.02e+00 72.8029
138 63.6137 7.17e-01 1.13e+00 73.2524
139 65.2336 7.39e-01 1.08e+00 71.5442
140 65.7944 7.28e-01 1.09e+00 72.6905
141 66.4174 7.28e-01 1.03e+00 72.8478
142 67.8505 7.21e-01 1.04e+00 72.9153
143 64.3614 7.28e-01 1.07e+00 72.3758
144 66.4174 7.30e-01 1.05e+00 72.2859
145 63.1776 7.33e-01 1.14e+00 73.2075
146 64.6106 7.39e-01 1.13e+00 72.7354
147 68.5358 7.31e-01 1.05e+00 73.1400
148 65.7944 7.26e-01 1.08e+00 72.3983
149 66.0436 7.21e-01 1.06e+00 72.7804
150 65.6075 7.24e-01 1.06e+00 73.0951
151 65.1090 7.30e-01 1.14e+00 72.7130
152 64.7352 7.22e-01 1.08e+00 73.0052
153 64.3614 7.27e-01 1.08e+00 72.6905
154 67.6636 7.23e-01 1.02e+00 72.8029
155 67.3520 7.34e-01 1.04e+00 72.6680
156 64.8598 7.29e-01 1.09e+00 72.4432
157 67.1651 7.28e-01 1.06e+00 72.8029
158 66.5421 7.35e-01 1.04e+00 72.7804
159 66.4798 7.20e-01 1.04e+00 72.7579
160 66.2305 7.17e-01 1.04e+00 73.1850
161 65.9190 7.15e-01 1.08e+00 73.2524
162 66.0436 7.36e-01 1.09e+00 73.3648
163 66.4174 7.59e-01 1.08e+00 71.3643
164 64.6729 7.18e-01 1.08e+00 73.1176
165 67.1651 7.18e-01 1.03e+00 72.7130
166 68.5358 7.20e-01 1.05e+00 73.3873
167 63.0530 7.22e-01 1.15e+00 72.6905
168 65.2960 7.30e-01 1.09e+00 72.5781
169 67.9751 7.26e-01 1.04e+00 73.1176
170 67.1651 7.38e-01 1.08e+00 72.4432
171 65.7944 7.30e-01 1.08e+00 72.1286
172 63.4891 7.21e-01 1.08e+00 73.2524
173 62.4299 7.26e-01 1.14e+00 73.0276
174 65.6075 7.38e-01 1.08e+00 72.2410
175 65.7944 7.18e-01 1.07e+00 73.4997
176 64.0498 7.21e-01 1.13e+00 72.3309
177 63.5514 7.19e-01 1.15e+00 73.2524
178 63.3022 7.32e-01 1.11e+00 72.5556
179 66.7290 7.35e-01 1.10e+00 72.4432
180 63.4891 7.32e-01 1.11e+00 72.4657
181 64.2991 7.17e-01 1.08e+00 72.9377
182 65.8567 7.20e-01 1.07e+00 72.6006
183 66.4798 7.34e-01 1.03e+00 72.6905
184 66.6667 7.26e-01 1.09e+00 72.7579
185 65.2336 7.28e-01 1.09e+00 72.8928
186 67.2274 7.29e-01 1.07e+00 72.6006
187 66.4798 7.17e-01 1.08e+00 72.6455
188 61.3084 7.24e-01 1.19e+00 72.0611
189 64.8598 7.26e-01 1.14e+00 72.6455
190 65.4206 7.28e-01 1.08e+00 73.2524
191 61.9938 7.24e-01 1.20e+00 72.5781
192 64.9844 7.20e-01 1.12e+00 72.8703
193 64.7975 7.22e-01 1.08e+00 73.0501
194 66.1059 7.22e-01 1.07e+00 72.7804
195 67.6636 7.31e-01 1.05e+00 72.8928
196 67.4143 7.28e-01 1.05e+00 72.1510
197 64.9221 7.17e-01 1.10e+00 73.4547
198 64.7352 7.24e-01 1.10e+00 72.9827
199 65.7944 7.22e-01 1.08e+00 72.7579
