# epoch test_accuracy train_avg_loss test_avg_loss train_accuracy
0 7.7882 1.85e+00 1.85e+00 9.8449
1 75.0779 9.67e-01 7.32e-01 62.7782
2 74.2679 7.55e-01 7.54e-01 70.9598
3 74.8910 6.80e-01 7.41e-01 74.6909
4 80.3115 6.27e-01 6.38e-01 75.5675
5 80.1869 5.72e-01 6.54e-01 77.7029
6 78.5670 5.60e-01 7.05e-01 78.3322
7 81.6199 5.03e-01 6.14e-01 80.2652
8 80.8723 4.71e-01 6.42e-01 81.5914
9 75.5763 4.47e-01 7.46e-01 82.6703
10 82.6168 4.35e-01 5.74e-01 83.2547
11 83.3022 4.11e-01 5.97e-01 84.0414
12 81.4330 4.06e-01 5.94e-01 84.9180
13 81.9938 3.76e-01 5.73e-01 86.0868
14 82.1184 3.70e-01 5.90e-01 85.5698
15 80.6231 3.63e-01 6.20e-01 86.0643
16 81.1838 3.61e-01 6.18e-01 85.8620
17 81.8069 3.32e-01 5.92e-01 87.6601
18 80.3115 3.23e-01 6.90e-01 87.7950
19 78.9408 3.26e-01 6.88e-01 87.5028
20 80.2492 3.20e-01 6.80e-01 87.7051
21 80.0000 3.07e-01 6.56e-01 88.6267
22 80.1246 3.03e-01 6.07e-01 88.4693
23 80.1246 2.93e-01 6.49e-01 88.9189
24 81.2461 2.76e-01 6.71e-01 89.5257
25 80.4361 2.83e-01 6.58e-01 89.7280
26 81.3084 2.71e-01 6.51e-01 89.8404
27 80.8100 2.74e-01 6.68e-01 89.6156
28 78.4424 2.62e-01 7.49e-01 90.3349
29 80.1246 2.65e-01 7.32e-01 89.9303
30 80.7477 2.57e-01 7.16e-01 90.7395
31 80.0000 2.51e-01 7.55e-01 90.5147
32 79.1277 2.45e-01 7.81e-01 90.6046
33 80.4984 2.50e-01 7.89e-01 90.4248
34 79.2523 2.39e-01 7.70e-01 91.0092
35 78.8785 2.38e-01 7.41e-01 90.6271
36 76.8847 2.36e-01 8.01e-01 91.1441
37 80.1869 2.22e-01 7.64e-01 91.3014
38 79.3146 2.21e-01 7.89e-01 91.6835
39 80.4361 2.21e-01 7.48e-01 91.8184
40 79.6262 2.15e-01 8.85e-01 92.2230
41 79.8131 2.09e-01 8.08e-01 91.7060
42 78.5047 2.10e-01 8.15e-01 92.1555
43 79.0031 1.99e-01 9.22e-01 92.3354
44 78.1931 1.90e-01 8.64e-01 92.7624
45 78.4424 1.97e-01 9.05e-01 92.5152
46 79.3769 1.91e-01 8.52e-01 92.9647
47 77.0093 1.93e-01 9.44e-01 92.5377
48 79.1900 1.94e-01 8.66e-01 92.9872
49 78.5047 1.96e-01 9.12e-01 92.4477
50 80.7477 1.92e-01 8.93e-01 92.8748
51 78.4424 1.82e-01 8.85e-01 92.8298
52 78.6916 1.81e-01 8.87e-01 93.3243
53 79.3769 1.84e-01 8.40e-01 93.0097
54 78.0685 1.83e-01 9.50e-01 93.3019
55 79.9377 1.69e-01 8.75e-01 93.5716
56 78.8785 1.74e-01 9.66e-01 93.4592
57 79.8754 1.82e-01 9.33e-01 93.0546
58 79.8131 1.68e-01 9.89e-01 93.5941
59 79.0654 1.57e-01 9.59e-01 94.1560
60 79.3769 1.58e-01 8.83e-01 94.0436
61 77.6947 1.64e-01 9.43e-01 93.8188
62 77.5701 1.59e-01 9.98e-01 93.6840
63 79.5016 1.58e-01 9.74e-01 94.0661
64 78.2555 1.55e-01 9.94e-01 94.4931
65 78.1308 1.53e-01 1.06e+00 94.0211
66 78.0685 1.62e-01 1.04e+00 93.6165
67 79.1277 1.56e-01 1.03e+00 94.0436
68 78.5047 1.40e-01 1.07e+00 95.0775
69 77.6947 1.59e-01 1.10e+00 94.1560
70 80.1869 1.52e-01 9.50e-01 94.2684
71 78.8785 1.48e-01 1.00e+00 94.6280
72 77.1340 1.46e-01 1.06e+00 94.5606
73 79.1277 1.46e-01 1.08e+00 94.9202
74 77.3832 1.40e-01 1.15e+00 94.7404
75 76.5732 1.37e-01 1.10e+00 94.6505
76 78.2555 1.36e-01 1.07e+00 95.0551
77 78.4424 1.39e-01 1.17e+00 94.6954
78 78.2555 1.41e-01 1.02e+00 94.6505
79 78.6293 1.52e-01 1.02e+00 94.2459
80 79.1900 1.35e-01 1.06e+00 94.9202
81 78.2555 1.38e-01 1.16e+00 94.6055
82 77.6947 1.37e-01 1.06e+00 95.1225
83 80.3738 1.29e-01 1.08e+00 95.1000
84 77.7570 1.26e-01 1.18e+00 95.3023
85 78.4424 1.24e-01 1.09e+00 95.3922
86 79.9377 1.22e-01 1.06e+00 95.8193
87 78.3801 1.29e-01 1.09e+00 95.1000
88 78.0685 1.17e-01 1.17e+00 95.8193
89 79.3769 1.19e-01 1.07e+00 95.7294
90 79.7508 1.20e-01 1.13e+00 95.5271
91 80.1869 1.39e-01 1.15e+00 94.8303
92 80.1246 1.22e-01 1.17e+00 95.5046
93 78.9408 1.22e-01 1.17e+00 95.4821
94 78.9408 1.42e-01 1.15e+00 94.8078
95 77.2586 1.17e-01 1.17e+00 95.7968
96 80.2492 1.13e-01 1.14e+00 96.0890
97 78.8785 1.06e-01 1.32e+00 96.2463
98 80.5607 1.11e-01 1.07e+00 95.8642
99 78.6916 1.23e-01 1.13e+00 95.1000
100 79.0654 1.16e-01 1.14e+00 95.3922
101 78.5670 1.12e-01 1.18e+00 95.4597
102 76.5732 1.10e-01 1.19e+00 95.8418
103 79.1277 1.16e-01 1.24e+00 95.7294
104 79.5016 1.04e-01 1.18e+00 96.0890
105 80.0623 1.10e-01 1.12e+00 95.9766
106 79.3146 1.07e-01 1.20e+00 96.3587
107 79.6885 1.06e-01 1.26e+00 96.2014
108 79.4393 1.10e-01 1.23e+00 95.8193
109 78.7539 1.06e-01 1.22e+00 96.1789
110 78.7539 1.07e-01 1.25e+00 95.8642
111 77.8816 1.05e-01 1.40e+00 96.0665
112 77.5078 9.89e-02 1.24e+00 96.1340
113 78.6916 1.28e-01 1.38e+00 95.3473
114 78.5047 1.09e-01 1.18e+00 95.9092
115 78.1931 1.04e-01 1.30e+00 95.9766
116 78.1931 9.42e-02 1.24e+00 96.6285
117 78.3801 1.06e-01 1.19e+00 96.0216
118 79.2523 9.77e-02 1.22e+00 96.5386
119 79.0654 9.55e-02 1.24e+00 96.2688
120 77.9439 1.05e-01 1.27e+00 96.0890
121 79.4393 1.07e-01 1.32e+00 95.8193
122 76.9470 9.69e-02 1.35e+00 96.2688
123 77.8816 8.85e-02 1.28e+00 96.6959
124 79.3769 9.62e-02 1.25e+00 96.5386
125 78.5670 1.00e-01 1.26e+00 96.2688
126 76.8847 9.01e-02 1.37e+00 96.5386
127 78.3801 9.59e-02 1.36e+00 96.5161
128 77.8193 1.13e-01 1.30e+00 95.8642
129 77.4455 1.04e-01 1.45e+00 96.0441
130 77.6947 1.07e-01 1.31e+00 95.9317
131 77.6947 1.04e-01 1.36e+00 96.1564
132 78.8162 9.01e-02 1.33e+00 96.6959
133 77.9439 8.54e-02 1.26e+00 96.8083
134 79.6885 9.16e-02 1.30e+00 96.4936
135 76.6978 8.73e-02 1.38e+00 96.6509
136 77.8816 9.09e-02 1.50e+00 96.3812
137 77.9439 9.10e-02 1.31e+00 96.6734
138 76.6355 7.78e-02 1.46e+00 97.3252
139 78.3801 7.92e-02 1.41e+00 96.7633
140 78.0062 8.73e-02 1.46e+00 96.7408
141 79.8131 9.18e-02 1.30e+00 96.4486
142 78.0062 8.99e-02 1.35e+00 96.8083
143 78.7539 9.48e-02 1.39e+00 96.2463
144 77.7570 1.04e-01 1.37e+00 96.0665
145 78.3801 8.45e-02 1.35e+00 96.6509
146 79.0031 7.20e-02 1.40e+00 97.4376
147 79.3146 8.73e-02 1.40e+00 97.0330
148 79.0654 8.06e-02 1.31e+00 97.1005
149 77.9439 7.96e-02 1.43e+00 96.8757
150 77.8816 8.21e-02 1.45e+00 97.0555
151 78.3178 1.02e-01 1.33e+00 96.5835
152 77.0716 9.90e-02 1.48e+00 96.0890
153 78.3178 1.08e-01 1.57e+00 96.0216
154 79.0031 8.15e-02 1.42e+00 96.8083
155 77.8816 8.64e-02 1.37e+00 96.6060
156 78.2555 7.80e-02 1.46e+00 97.1005
157 78.1308 7.10e-02 1.49e+00 97.5051
158 77.9439 7.00e-02 1.47e+00 97.5725
159 77.6947 8.39e-02 1.44e+00 97.1005
160 79.1277 8.48e-02 1.43e+00 97.1904
161 77.2586 6.65e-02 1.45e+00 97.7523
162 77.4455 7.55e-02 1.49e+00 97.2129
163 77.6947 7.95e-02 1.41e+00 97.0780
164 77.2586 7.92e-02 1.65e+00 97.0106
165 76.5109 8.00e-02 1.57e+00 97.1679
166 79.1277 7.42e-02 1.47e+00 97.5725
167 79.0031 8.26e-02 1.43e+00 97.0330
168 78.4424 8.36e-02 1.51e+00 96.9207
169 78.1308 7.29e-02 1.47e+00 96.9207
170 76.4486 7.70e-02 1.55e+00 97.0330
171 78.2555 6.60e-02 1.48e+00 97.7748
172 77.9439 7.34e-02 1.48e+00 97.5051
173 77.2586 6.91e-02 1.60e+00 97.4151
174 77.8816 6.47e-02 1.46e+00 97.8872
175 77.1340 7.28e-02 1.69e+00 97.4601
176 77.5078 8.00e-02 1.55e+00 96.8982
177 78.8162 7.82e-02 1.50e+00 97.0106
178 79.0031 6.78e-02 1.52e+00 97.7748
179 79.9377 6.29e-02 1.47e+00 97.6849
180 78.6293 7.85e-02 1.51e+00 97.0555
181 79.3146 6.21e-02 1.48e+00 97.7973
182 78.6916 7.75e-02 1.47e+00 97.1454
183 78.5670 6.97e-02 1.56e+00 97.5950
184 78.8785 6.70e-02 1.54e+00 97.5051
185 79.6262 6.81e-02 1.54e+00 97.4376
186 78.8785 7.24e-02 1.56e+00 97.4826
187 76.6355 7.38e-02 1.56e+00 97.3252
188 78.6293 7.71e-02 1.65e+00 97.2353
189 79.5016 7.17e-02 1.51e+00 97.0780
190 79.6885 5.74e-02 1.49e+00 98.0220
191 78.6916 7.28e-02 1.75e+00 97.2129
192 78.7539 6.43e-02 1.72e+00 97.7523
193 77.9439 9.74e-02 1.75e+00 96.6060
194 77.0093 9.85e-02 1.70e+00 96.5386
195 79.3146 8.24e-02 1.60e+00 97.1454
196 78.9408 7.65e-02 1.68e+00 97.1005
197 76.8224 6.79e-02 1.68e+00 97.6624
198 78.4424 7.05e-02 1.61e+00 97.4151
199 78.6916 6.77e-02 1.62e+00 97.3927
200 77.3832 7.34e-02 1.81e+00 97.3927
201 78.1931 7.42e-02 1.65e+00 97.1005
202 78.0062 5.92e-02 1.72e+00 97.9321
203 78.8162 6.93e-02 1.74e+00 97.7074
204 78.5670 5.87e-02 1.63e+00 97.9995
205 78.8785 5.41e-02 1.60e+00 97.9771
206 78.4424 7.37e-02 1.63e+00 97.4151
207 78.6916 6.45e-02 1.67e+00 97.8197
208 79.4393 6.04e-02 1.58e+00 97.8872
209 77.5701 6.56e-02 1.64e+00 97.6624
210 79.1900 6.48e-02 1.69e+00 97.8647
211 78.5670 6.14e-02 1.73e+00 97.7298
212 78.2555 5.34e-02 1.70e+00 98.3367
213 79.5639 6.83e-02 1.63e+00 97.5500
214 79.0031 6.18e-02 1.65e+00 97.6399
215 80.3738 6.09e-02 1.59e+00 97.8872
216 77.7570 5.48e-02 1.70e+00 98.0670
217 79.5016 6.20e-02 1.78e+00 97.9321
218 79.5639 6.49e-02 1.60e+00 97.8197
219 76.5109 5.59e-02 1.78e+00 97.9995
220 78.6293 5.57e-02 1.71e+00 98.0445
221 78.8785 5.57e-02 1.76e+00 98.0445
222 78.6916 7.10e-02 1.72e+00 97.4826
223 78.3801 8.20e-02 1.75e+00 97.1229
224 80.2492 5.69e-02 1.62e+00 98.0445
225 79.1277 6.60e-02 1.77e+00 97.7748
226 79.7508 6.04e-02 1.67e+00 97.7973
227 79.0654 6.41e-02 1.69e+00 97.6624
228 77.6947 6.32e-02 1.77e+00 97.8647
229 78.5670 6.21e-02 1.68e+00 97.9321
230 79.1900 5.04e-02 1.70e+00 98.2693
231 79.1277 5.25e-02 1.69e+00 98.2917
232 80.2492 5.23e-02 1.72e+00 98.1344
233 79.5016 5.03e-02 1.71e+00 98.2018
234 78.7539 5.15e-02 1.77e+00 98.1119
235 78.8785 5.89e-02 1.67e+00 97.8197
236 79.6262 5.71e-02 1.85e+00 98.0445
237 80.6231 6.11e-02 1.69e+00 97.8647
238 80.6231 5.49e-02 1.66e+00 98.0895
239 80.1869 5.80e-02 1.74e+00 98.0445
240 80.6231 4.86e-02 1.68e+00 98.2693
241 78.6916 4.94e-02 1.77e+00 98.2468
242 79.7508 7.06e-02 1.74e+00 97.6624
243 79.7508 6.98e-02 1.69e+00 97.3927
244 79.5639 6.50e-02 1.93e+00 97.6399
245 79.4393 6.78e-02 1.79e+00 97.5275
246 79.2523 5.29e-02 1.76e+00 98.1119
247 79.4393 6.38e-02 1.73e+00 97.6399
248 79.3146 4.97e-02 1.83e+00 98.3142
249 78.5670 5.11e-02 1.88e+00 98.4041
250 79.8131 5.94e-02 1.75e+00 98.0895
251 79.6262 6.89e-02 1.80e+00 97.9096
252 79.5016 7.40e-02 1.87e+00 97.4151
253 79.0031 5.93e-02 1.81e+00 97.9995
254 78.9408 7.17e-02 1.83e+00 97.2578
255 80.6231 5.37e-02 1.69e+00 98.0895
256 79.1277 5.39e-02 1.78e+00 98.0670
257 79.4393 5.59e-02 1.80e+00 98.0220
258 79.7508 6.82e-02 1.92e+00 97.7074
259 81.1215 5.20e-02 1.72e+00 98.2243
260 80.1869 4.83e-02 1.84e+00 98.3367
261 80.5607 4.35e-02 1.82e+00 98.4491
262 79.0654 5.17e-02 1.94e+00 98.2243
263 80.8723 5.39e-02 1.76e+00 98.2243
264 80.5607 4.36e-02 1.85e+00 98.4266
265 78.8162 6.10e-02 2.04e+00 98.0220
266 77.5701 7.85e-02 1.96e+00 97.5950
267 77.8816 7.41e-02 2.17e+00 97.3927
268 81.4330 5.75e-02 1.87e+00 98.3817
269 79.2523 4.92e-02 1.95e+00 98.3367
270 79.9377 4.69e-02 1.91e+00 98.2018
271 80.0000 4.22e-02 1.90e+00 98.5615
272 79.7508 4.53e-02 1.90e+00 98.4491
273 79.6885 5.72e-02 1.89e+00 97.9321
274 79.3769 5.35e-02 1.94e+00 98.1794
275 78.2555 5.76e-02 1.90e+00 97.8872
276 80.4984 5.70e-02 1.87e+00 98.0670
277 79.6885 6.39e-02 1.92e+00 97.7074
278 79.2523 4.94e-02 1.91e+00 98.2243
279 79.1900 4.91e-02 1.93e+00 98.2468
280 78.3178 4.71e-02 1.94e+00 98.4716
281 80.2492 4.78e-02 1.85e+00 98.3817
282 79.5639 4.62e-02 2.00e+00 98.2243
283 79.1900 4.78e-02 1.97e+00 98.3142
284 78.7539 5.00e-02 2.10e+00 98.4041
285 79.3769 5.99e-02 2.01e+00 98.2243
286 79.1277 4.73e-02 1.94e+00 98.4041
287 80.3115 4.31e-02 1.91e+00 98.4716
288 80.6854 4.63e-02 1.89e+00 98.3817
289 80.3738 4.56e-02 1.92e+00 98.4266
290 80.2492 4.19e-02 1.94e+00 98.4940
291 80.4361 4.07e-02 1.89e+00 98.5615
292 80.1869 6.92e-02 2.01e+00 97.6399
293 79.6885 6.21e-02 1.94e+00 97.8422
294 78.5047 8.44e-02 2.16e+00 96.9207
295 80.5607 7.50e-02 1.99e+00 97.4376
296 80.3738 7.70e-02 1.96e+00 97.5500
297 80.1246 6.33e-02 2.08e+00 97.6849
298 80.4361 4.09e-02 2.11e+00 98.5840
299 80.1246 4.69e-02 2.02e+00 98.3817
300 79.8754 5.02e-02 2.07e+00 98.2243
301 80.6231 4.63e-02 1.96e+00 98.3142
302 81.3707 3.74e-02 1.89e+00 98.8537
303 80.5607 3.98e-02 1.99e+00 98.7862
304 80.1869 3.89e-02 1.97e+00 98.8087
305 81.8069 4.52e-02 1.92e+00 98.4041
306 79.3769 4.62e-02 1.97e+00 98.5390
307 79.7508 4.23e-02 1.98e+00 98.4266
308 79.4393 3.99e-02 1.98e+00 98.6963
309 79.1900 4.59e-02 2.02e+00 98.3592
310 80.0623 4.14e-02 2.05e+00 98.5615
311 80.8723 3.83e-02 2.01e+00 98.6963
312 78.8162 4.64e-02 2.10e+00 98.4491
313 79.1277 4.18e-02 2.05e+00 98.4940
314 79.3769 4.33e-02 2.10e+00 98.4491
315 81.5576 5.28e-02 1.90e+00 98.2243
316 79.0654 5.69e-02 2.15e+00 98.0895
317 78.7539 6.81e-02 2.05e+00 97.6849
318 79.8754 5.73e-02 2.10e+00 97.8647
319 79.0654 5.49e-02 2.22e+00 98.1344
320 78.8162 5.14e-02 2.18e+00 98.4716
321 80.0623 5.08e-02 2.09e+00 98.3142
322 79.6885 7.85e-02 2.20e+00 97.3927
323 79.6885 5.50e-02 2.02e+00 98.0670
324 78.0062 4.20e-02 2.10e+00 98.4491
325 80.2492 3.64e-02 2.06e+00 98.9885
326 79.6885 3.41e-02 2.06e+00 98.9211
327 80.0623 4.16e-02 2.07e+00 98.6064
328 79.7508 3.94e-02 2.15e+00 98.5840
329 79.7508 3.33e-02 2.03e+00 98.8312
330 79.5639 3.46e-02 2.14e+00 98.7188
331 80.0623 4.57e-02 2.07e+00 98.2018
332 80.0623 3.29e-02 2.04e+00 98.8087
333 78.9408 3.57e-02 2.13e+00 98.6289
334 80.2492 3.57e-02 2.00e+00 98.8762
335 80.4361 3.85e-02 2.02e+00 98.6289
336 80.0623 4.04e-02 2.14e+00 98.6289
337 79.1277 3.85e-02 2.13e+00 98.6514
338 79.8131 4.73e-02 2.08e+00 98.2693
339 79.1277 3.94e-02 2.17e+00 98.6289
340 78.9408 6.21e-02 2.27e+00 97.7074
341 79.5639 7.49e-02 1.99e+00 97.4151
342 80.2492 6.20e-02 2.13e+00 97.9771
343 79.8131 4.49e-02 2.13e+00 98.5390
344 80.3738 3.87e-02 2.09e+00 98.6739
345 80.2492 4.53e-02 2.08e+00 98.3592
346 80.0000 3.34e-02 2.11e+00 98.8087
347 79.3146 3.58e-02 2.13e+00 98.8537
348 80.4984 2.91e-02 2.08e+00 98.9885
349 79.8754 2.58e-02 2.06e+00 98.9885
350 80.1246 3.52e-02 2.10e+00 98.6963
351 79.0031 3.62e-02 2.09e+00 98.7188
352 79.2523 3.64e-02 2.05e+00 98.6963
353 79.2523 4.42e-02 2.16e+00 98.4041
354 80.1246 3.76e-02 2.01e+00 98.6739
355 79.5639 3.98e-02 2.18e+00 98.5165
356 80.1869 4.27e-02 2.09e+00 98.6739
357 80.4361 5.12e-02 2.10e+00 98.0670
358 79.7508 5.04e-02 2.13e+00 98.0670
359 80.4361 4.74e-02 2.06e+00 98.2693
360 78.8162 5.48e-02 2.20e+00 98.0220
361 79.3146 5.96e-02 2.21e+00 97.8647
362 75.4517 6.80e-02 2.51e+00 97.7973
363 79.6262 7.17e-02 2.14e+00 97.6849
364 78.0062 5.60e-02 2.37e+00 98.0445
365 79.8131 4.04e-02 2.10e+00 98.5390
366 80.3115 3.74e-02 2.12e+00 98.6514
367 80.3115 3.57e-02 2.09e+00 98.7638
368 79.7508 3.15e-02 2.11e+00 99.1009
369 78.8785 3.29e-02 2.18e+00 98.7862
370 80.7477 2.91e-02 2.10e+00 98.8762
371 80.7477 2.99e-02 2.07e+00 99.0560
372 79.8131 3.40e-02 2.10e+00 98.8986
373 79.7508 3.00e-02 2.13e+00 99.0110
374 79.6885 2.80e-02 2.18e+00 98.9885
375 78.9408 2.69e-02 2.17e+00 99.3032
376 79.3146 3.44e-02 2.20e+00 98.8087
377 78.0685 4.72e-02 2.16e+00 98.3592
378 79.8754 8.50e-02 2.23e+00 97.3702
379 79.6885 7.90e-02 2.15e+00 97.4151
380 78.3801 5.68e-02 2.21e+00 98.1794
381 80.1869 5.09e-02 2.26e+00 98.4716
382 79.5016 5.32e-02 2.17e+00 98.3367
383 80.1246 3.72e-02 2.10e+00 98.8087
384 80.2492 3.56e-02 2.22e+00 98.6514
385 80.1869 3.33e-02 2.11e+00 98.8986
386 79.8754 2.81e-02 2.14e+00 98.9661
387 80.8100 2.76e-02 2.19e+00 99.0110
388 79.4393 2.83e-02 2.13e+00 98.8986
389 80.9346 2.78e-02 2.23e+00 99.1684
390 80.4361 3.07e-02 2.12e+00 99.0110
391 80.0623 2.41e-02 2.18e+00 99.1908
392 79.9377 3.06e-02 2.23e+00 98.7638
393 79.1900 3.08e-02 2.37e+00 98.9436
394 79.7508 3.79e-02 2.21e+00 98.7188
395 80.7477 7.23e-02 2.21e+00 97.3927
396 79.8754 6.59e-02 2.16e+00 97.7523
397 78.9408 8.43e-02 2.36e+00 97.1005
398 79.6262 5.95e-02 2.12e+00 97.9546
399 79.5016 4.33e-02 2.21e+00 98.3592
