2.750790119171142578e-01
1.325052022933959961e+00
2.377052783966064453e+00
2.427048444747924805e+00
2.577067852020263672e+00
2.827049493789672852e+00
3.252063989639282227e+00
3.427066087722778320e+00
5.002067804336547852e+00
5.327048301696777344e+00
6.002060890197753906e+00
6.052045345306396484e+00
6.102012634277343750e+00
6.502046346664428711e+00
7.152049779891967773e+00
7.177049636840820312e+00
7.227051019668579102e+00
7.502050638198852539e+00
8.102017164230346680e+00
8.127054214477539062e+00
8.227048397064208984e+00
8.602055549621582031e+00
9.102065801620483398e+00
9.877046346664428711e+00
1.102705359458923340e+01
1.165203833580017090e+01
1.222704744338989258e+01
1.290204882621765137e+01
1.310203242301940918e+01
1.312706899642944336e+01
1.332704973220825195e+01
1.412704777717590332e+01
1.460204720497131348e+01
1.542706108093261719e+01
1.807705330848693848e+01
1.807705330848693848e+01
