1.979054212570190430e+00
2.004053831100463867e+00
2.129078626632690430e+00
2.404060602188110352e+00
2.429058551788330078e+00
3.104051351547241211e+00
3.154052734375000000e+00
3.854052782058715820e+00
4.154062271118164062e+00
4.179076671600341797e+00
4.554058074951171875e+00
4.579061031341552734e+00
6.179054021835327148e+00
6.554054021835327148e+00
6.579056978225708008e+00
9.309065341949462891e+00
9.384051561355590820e+00
9.409065246582031250e+00
1.268506622314453125e+01
1.273505163192749023e+01
1.281006336212158203e+01
1.288505744934082031e+01
1.293508672714233398e+01
1.298507833480834961e+01
1.301006388664245605e+01
1.538507485389709473e+01
1.538507485389709473e+01
