1.750000000000000000e+00
4.000000000000000000e+00
5.209999999999999964e+00
6.000000000000000000e+00
7.070000000000000284e+00
7.500000000000000000e+00
9.500000000000000000e+00
9.900000000000000355e+00
1.030000000000000071e+01
1.059999999999999964e+01
1.100000000000000000e+01
1.140000000000000036e+01
1.180000000000000071e+01
1.219999999999999929e+01
1.259999999999999964e+01
1.300000000000000000e+01
1.340000000000000036e+01
1.380000000000000071e+01
1.419999999999999929e+01
1.459999999999999964e+01
1.500000000000000000e+01
1.540000000000000036e+01
1.580000000000000071e+01
1.700000000000000000e+01
1.850000000000000000e+01
