2.651015758514404297e+00
3.169003009796142578e+00
3.669993638992309570e+00
3.769976377487182617e+00
3.998979806900024414e+00
4.204984426498413086e+00
5.542989015579223633e+00
5.874752759933471680e+00
6.290981054306030273e+00
6.501975059509277344e+00
6.898989677429199219e+00
7.179994583129882812e+00
7.690003633499145508e+00
7.919085741043090820e+00
8.531988143920898438e+00
1.027897882461547852e+01
1.030498838424682617e+01
1.035502028465270996e+01
1.043199801445007324e+01
1.055899763107299805e+01
1.055899763107299805e+01
