2.675986051559448242e+00
3.569979667663574219e+00
3.972977399826049805e+00
4.254978179931640625e+00
5.542989015579223633e+00
5.799007892608642578e+00
5.848995685577392578e+00
5.874752759933471680e+00
6.340982437133789062e+00
6.501975059509277344e+00
6.898989677429199219e+00
7.179994583129882812e+00
7.716981172561645508e+00
7.919085741043090820e+00
8.506985902786254883e+00
1.025298810005187988e+01
1.030498838424682617e+01
1.035502028465270996e+01
1.043199801445007324e+01
1.055899763107299805e+01
1.055899763107299805e+01
