1.434841632843017578e+00
1.536718130111694336e+00
2.229735136032104492e+00
2.264704465866088867e+00
2.604696989059448242e+00
3.293696403503417969e+00
3.499996900558471680e+00
3.741701126098632812e+00
4.079710483551025391e+00
4.669713020324707031e+00
5.005704164505004883e+00
5.292994499206542969e+00
5.580742835998535156e+00
5.798779249191284180e+00
5.927740097045898438e+00
6.324710369110107422e+00
6.793704509735107422e+00
7.313697814941406250e+00
7.661705732345581055e+00
8.106700658798217773e+00
9.869712829589843750e+00
9.869712829589843750e+00
