4.469554424285888672e-01
1.103315830230712891e+00
1.127954244613647461e+00
1.386963844299316406e+00
1.598984479904174805e+00
1.650962591171264648e+00
1.675953149795532227e+00
2.250967741012573242e+00
2.455957412719726562e+00
2.987976789474487305e+00
3.508954763412475586e+00
3.834993839263916016e+00
4.263957977294921875e+00
4.624577999114990234e+00
4.701981544494628906e+00
5.142965793609619141e+00
5.590054273605346680e+00
6.025961637496948242e+00
7.933967828750610352e+00
9.199002027511596680e+00
