1.395978212356567383e+00
1.420996665954589844e+00
2.149997711181640625e+00
3.057002782821655273e+00
3.829985380172729492e+00
3.854998588562011719e+00
4.639982938766479492e+00
4.844985246658325195e+00
5.272980213165283203e+00
5.299979448318481445e+00
5.354980468750000000e+00
6.728956699371337891e+00
6.908008337020874023e+00
7.488994598388671875e+00
7.775006055831909180e+00
8.217978954315185547e+00
8.409007787704467773e+00
8.900985240936279297e+00
9.285984754562377930e+00
9.675028085708618164e+00
9.934981822967529297e+00
9.984979629516601562e+00
1.009299230575561523e+01
1.066199517250061035e+01
1.068698334693908691e+01
1.326998209953308105e+01
1.326998209953308105e+01
