2.651015758514404297e+00
3.194977760314941406e+00
3.669993638992309570e+00
3.769976377487182617e+00
3.972977399826049805e+00
4.229988098144531250e+00
5.542989015579223633e+00
5.874752759933471680e+00
6.315999984741210938e+00
6.501975059509277344e+00
6.873979091644287109e+00
7.179994583129882812e+00
7.690003633499145508e+00
7.943979024887084961e+00
8.558984279632568359e+00
1.025298810005187988e+01
1.027897882461547852e+01
1.035502028465270996e+01
1.043199801445007324e+01
1.055899763107299805e+01
1.055899763107299805e+01
