5.869462490081787109e-01
7.199428081512451172e-01
1.480027198791503906e+00
1.950958490371704102e+00
2.315014362335205078e+00
2.497968435287475586e+00
3.667941093444824219e+00
4.598942995071411133e+00
4.656961202621459961e+00
4.681936979293823242e+00
4.933963060379028320e+00
5.040942668914794922e+00
5.326944351196289062e+00
5.378943443298339844e+00
5.559937953948974609e+00
5.718060970306396484e+00
5.845954418182373047e+00
5.921949863433837891e+00
6.176939487457275391e+00
6.570958375930786133e+00
6.672959089279174805e+00
6.698985815048217773e+00
6.779954910278320312e+00
6.905940771102905273e+00
7.678949356079101562e+00
8.002969026565551758e+00
8.557964801788330078e+00
1.054695677757263184e+01
1.054695677757263184e+01
