5.619440078735351562e-01
6.929490566253662109e-01
1.480027198791503906e+00
1.900986671447753906e+00
2.497968435287475586e+00
3.667941093444824219e+00
4.458936214447021484e+00
4.488068103790283203e+00
4.598942995071411133e+00
5.040942668914794922e+00
5.353943347930908203e+00
5.378943443298339844e+00
5.532957077026367188e+00
5.718060970306396484e+00
5.921949863433837891e+00
6.151939868927001953e+00
6.570958375930786133e+00
6.958940029144287109e+00
7.653962135314941406e+00
8.002969026565551758e+00
8.507937192916870117e+00
8.687935829162597656e+00
8.712967872619628906e+00
1.054695677757263184e+01
1.054695677757263184e+01
