5.869462490081787109e-01
7.449543476104736328e-01
1.480027198791503906e+00
1.875940799713134766e+00
2.369937658309936523e+00
2.497968435287475586e+00
3.667941093444824219e+00
4.598942995071411133e+00
4.681936979293823242e+00
4.756954669952392578e+00
4.933963060379028320e+00
5.015965700149536133e+00
5.532957077026367188e+00
5.718060970306396484e+00
5.769974946975708008e+00
5.946938514709472656e+00
6.176939487457275391e+00
6.570958375930786133e+00
6.672959089279174805e+00
6.698985815048217773e+00
6.779954910278320312e+00
6.932943820953369141e+00
7.678949356079101562e+00
8.002969026565551758e+00
8.532949686050415039e+00
1.054695677757263184e+01
1.054695677757263184e+01
