6.409397125244140625e-01
6.929490566253662109e-01
1.480027198791503906e+00
1.925945281982421875e+00
2.731943368911743164e+00
3.351940870285034180e+00
3.507935047149658203e+00
3.560969114303588867e+00
4.598942995071411133e+00
4.656961202621459961e+00
4.706938982009887695e+00
4.960958003997802734e+00
5.118944644927978516e+00
5.532957077026367188e+00
5.718060970306396484e+00
5.769974946975708008e+00
5.921949863433837891e+00
6.672959089279174805e+00
6.779954910278320312e+00
6.932943820953369141e+00
7.678949356079101562e+00
8.002969026565551758e+00
8.482936859130859375e+00
8.687935829162597656e+00
1.054695677757263184e+01
1.054695677757263184e+01
