7.009766101837158203e-01
1.879004478454589844e+00
2.110972881317138672e+00
2.421964168548583984e+00
2.471977472305297852e+00
2.734959363937377930e+00
3.535971403121948242e+00
3.610986709594726562e+00
4.376959800720214844e+00
4.642987251281738281e+00
4.669004917144775391e+00
4.909984111785888672e+00
4.934980630874633789e+00
5.123984813690185547e+00
5.723963260650634766e+00
6.010990858078002930e+00
6.489034652709960938e+00
6.726962566375732422e+00
7.206965923309326172e+00
7.652971029281616211e+00
7.963893413543701172e+00
8.314013004302978516e+00
8.657981634140014648e+00
8.966017723083496094e+00
9.404138088226318359e+00
9.713958978652954102e+00
1.024501466751098633e+01
1.139496254920959473e+01
1.227198171615600586e+01
