7.009766101837158203e-01
1.331964492797851562e+00
1.356970310211181641e+00
1.718971014022827148e+00
2.684961080551147461e+00
2.734959363937377930e+00
3.508962392807006836e+00
3.610986709594726562e+00
4.298958063125610352e+00
4.326969146728515625e+00
4.480987787246704102e+00
4.909984111785888672e+00
4.934980630874633789e+00
5.097970247268676758e+00
5.723963260650634766e+00
6.010990858078002930e+00
6.434962511062622070e+00
6.751965045928955078e+00
7.206965923309326172e+00
7.652971029281616211e+00
7.963893413543701172e+00
8.314013004302978516e+00
8.657981634140014648e+00
8.890962839126586914e+00
9.373965263366699219e+00
9.688966751098632812e+00
1.030029582977294922e+01
1.078996777534484863e+01
1.136497902870178223e+01
1.227198171615600586e+01
