7.009766101837158203e-01
1.331964492797851562e+00
1.381961107254028320e+00
1.820960044860839844e+00
2.684961080551147461e+00
2.759967803955078125e+00
3.481964588165283203e+00
3.610986709594726562e+00
3.995022535324096680e+00
4.722962856292724609e+00
4.829975843429565430e+00
4.909984111785888672e+00
4.934980630874633789e+00
5.067967176437377930e+00
5.723963260650634766e+00
6.010990858078002930e+00
6.434962511062622070e+00
6.776958465576171875e+00
7.206965923309326172e+00
7.677963972091674805e+00
7.963893413543701172e+00
8.314013004302978516e+00
8.657981634140014648e+00
8.890962839126586914e+00
9.373965263366699219e+00
9.713958978652954102e+00
1.030029582977294922e+01
1.076397800445556641e+01
1.139496254920959473e+01
1.227198171615600586e+01
