7.009766101837158203e-01
1.820960044860839844e+00
2.634965658187866211e+00
2.734959363937377930e+00
2.759967803955078125e+00
3.508962392807006836e+00
3.610986709594726562e+00
4.351970434188842773e+00
4.376959800720214844e+00
4.722962856292724609e+00
4.829975843429565430e+00
4.934980630874633789e+00
4.959982156753540039e+00
5.042003154754638672e+00
5.751412630081176758e+00
6.010990858078002930e+00
6.434962511062622070e+00
6.726962566375732422e+00
7.206965923309326172e+00
7.677963972091674805e+00
7.963893413543701172e+00
8.314013004302978516e+00
8.657981634140014648e+00
8.890962839126586914e+00
9.404138088226318359e+00
9.688966751098632812e+00
1.030029582977294922e+01
1.073895764350891113e+01
1.076397800445556641e+01
1.139496254920959473e+01
1.227198171615600586e+01
