7.009766101837158203e-01
1.409982681274414062e+00
1.434962987899780273e+00
1.718971014022827148e+00
1.770982742309570312e+00
1.846002817153930664e+00
2.556990861892700195e+00
2.734959363937377930e+00
2.759967803955078125e+00
3.481964588165283203e+00
3.610986709594726562e+00
4.531961202621459961e+00
4.909984111785888672e+00
4.934980630874633789e+00
5.097970247268676758e+00
5.723963260650634766e+00
6.010990858078002930e+00
6.434962511062622070e+00
6.726962566375732422e+00
7.206965923309326172e+00
7.652971029281616211e+00
7.987980365753173828e+00
8.314013004302978516e+00
8.657981634140014648e+00
8.915973186492919922e+00
9.373965263366699219e+00
9.663975954055786133e+00
1.042696619033813477e+01
1.073895764350891113e+01
1.142196369171142578e+01
1.227198171615600586e+01
