7.009766101837158203e-01
1.409982681274414062e+00
1.434962987899780273e+00
1.718971014022827148e+00
2.556990861892700195e+00
2.734959363937377930e+00
2.784958839416503906e+00
3.481964588165283203e+00
3.610986709594726562e+00
4.298958063125610352e+00
4.326969146728515625e+00
4.722962856292724609e+00
4.779144287109375000e+00
4.909984111785888672e+00
4.934980630874633789e+00
5.067967176437377930e+00
5.723963260650634766e+00
6.010990858078002930e+00
6.434962511062622070e+00
6.751965045928955078e+00
7.206965923309326172e+00
7.652971029281616211e+00
7.963893413543701172e+00
8.314013004302978516e+00
8.657981634140014648e+00
8.890962839126586914e+00
9.373965263366699219e+00
9.663975954055786133e+00
1.035208535194396973e+01
1.076397800445556641e+01
1.139496254920959473e+01
1.227198171615600586e+01
