1.158998966217041016e+00
1.887026786804199219e+00
2.153975963592529297e+00
2.259008646011352539e+00
2.878972768783569336e+00
3.081978321075439453e+00
3.503973722457885742e+00
4.753985643386840820e+00
4.792977809906005859e+00
5.223005533218383789e+00
5.606976747512817383e+00
5.869986534118652344e+00
6.284986019134521484e+00
6.527990341186523438e+00
7.163977146148681641e+00
7.295979738235473633e+00
7.663979530334472656e+00
9.293685674667358398e+00
9.393984317779541016e+00
9.583977937698364258e+00
