1.158998966217041016e+00
2.025007247924804688e+00
2.153975963592529297e+00
2.259008646011352539e+00
2.903977870941162109e+00
3.081978321075439453e+00
3.503973722457885742e+00
4.753985643386840820e+00
4.792977809906005859e+00
5.223005533218383789e+00
5.530019521713256836e+00
5.869986534118652344e+00
6.284986019134521484e+00
6.527990341186523438e+00
7.163977146148681641e+00
7.331985473632812500e+00
7.663979530334472656e+00
8.002005100250244141e+00
8.080982208251953125e+00
9.318973541259765625e+00
9.368979454040527344e+00
9.583977937698364258e+00
