1.233974933624267578e+00
1.645984888076782227e+00
2.128994226455688477e+00
2.289019346237182617e+00
2.878972768783569336e+00
3.106998920440673828e+00
3.503973722457885742e+00
4.753985643386840820e+00
4.792977809906005859e+00
5.223005533218383789e+00
5.606976747512817383e+00
5.869986534118652344e+00
6.284986019134521484e+00
6.527990341186523438e+00
7.163977146148681641e+00
7.295979738235473633e+00
7.663979530334472656e+00
9.293685674667358398e+00
9.393984317779541016e+00
9.583977937698364258e+00
