3.729786872863769531e-01
1.158984661102294922e+00
1.591979980468750000e+00
1.838007211685180664e+00
1.864976882934570312e+00
2.168986320495605469e+00
2.318994998931884766e+00
2.948997497558593750e+00
3.178984165191650391e+00
3.579984188079833984e+00
3.928333759307861328e+00
4.274984121322631836e+00
4.646410703659057617e+00
4.934987068176269531e+00
5.249002218246459961e+00
5.563985109329223633e+00
6.039982318878173828e+00
6.509996652603149414e+00
6.645050287246704102e+00
6.935985088348388672e+00
7.305002927780151367e+00
8.255981206893920898e+00
8.255981206893920898e+00
