3.209869861602783203e-01
1.158984661102294922e+00
1.591979980468750000e+00
1.940023899078369141e+00
1.965982198715209961e+00
1.990984439849853516e+00
2.168986320495605469e+00
2.193989038467407227e+00
2.654984474182128906e+00
3.178984165191650391e+00
3.579984188079833984e+00
3.902993202209472656e+00
4.249986648559570312e+00
4.670990943908691406e+00
4.934987068176269531e+00
5.249002218246459961e+00
5.589006662368774414e+00
6.014980077743530273e+00
6.935985088348388672e+00
7.279981374740600586e+00
8.255981206893920898e+00
8.255981206893920898e+00
