3.209869861602783203e-01
1.184004783630371094e+00
1.567007064819335938e+00
1.864976882934570312e+00
2.117985725402832031e+00
2.345934152603149414e+00
2.705028057098388672e+00
2.760987281799316406e+00
3.178984165191650391e+00
3.579984188079833984e+00
3.928333759307861328e+00
4.249986648559570312e+00
4.646410703659057617e+00
4.907990217208862305e+00
5.223981857299804688e+00
5.589006662368774414e+00
5.914983272552490234e+00
5.964980840682983398e+00
6.014980077743530273e+00
6.935985088348388672e+00
7.510016918182373047e+00
8.255981206893920898e+00
