3.209869861602783203e-01
1.184004783630371094e+00
1.567007064819335938e+00
1.990984439849853516e+00
2.042462825775146484e+00
2.168986320495605469e+00
2.395987749099731445e+00
2.735985994338989258e+00
2.760987281799316406e+00
3.178984165191650391e+00
3.579984188079833984e+00
3.902993202209472656e+00
4.274984121322631836e+00
4.646410703659057617e+00
4.907990217208862305e+00
5.223981857299804688e+00
5.589006662368774414e+00
5.939978361129760742e+00
6.014980077743530273e+00
6.935985088348388672e+00
7.279981374740600586e+00
8.255981206893920898e+00
8.255981206893920898e+00
