3.459782600402832031e-01
1.158984661102294922e+00
1.567007064819335938e+00
2.015993833541870117e+00
2.117985725402832031e+00
2.369988679885864258e+00
2.395987749099731445e+00
2.760987281799316406e+00
3.178984165191650391e+00
3.609004259109497070e+00
3.902993202209472656e+00
4.249986648559570312e+00
4.646410703659057617e+00
4.934987068176269531e+00
5.249002218246459961e+00
5.589006662368774414e+00
6.039982318878173828e+00
6.537998199462890625e+00
6.614985942840576172e+00
6.935985088348388672e+00
7.331976175308227539e+00
8.255981206893920898e+00
8.255981206893920898e+00
