# epoch test_accuracy train_avg_loss test_avg_loss train_accuracy
0 12.0000 1.86e+00 1.86e+00 12.0000
1 81.0000 8.60e-01 6.31e-01 66.0000
2 82.0000 6.12e-01 5.61e-01 77.0000
3 82.0000 5.13e-01 5.58e-01 80.0000
4 76.0000 4.64e-01 6.30e-01 82.0000
5 79.0000 4.52e-01 6.17e-01 83.0000
6 78.0000 4.00e-01 5.88e-01 85.0000
7 80.0000 3.76e-01 5.69e-01 85.0000
8 81.0000 3.49e-01 5.25e-01 87.0000
9 78.0000 3.27e-01 6.34e-01 87.0000
10 79.0000 2.99e-01 5.64e-01 88.0000
11 80.0000 2.91e-01 6.32e-01 89.0000
12 78.0000 2.79e-01 6.14e-01 89.0000
13 78.0000 2.82e-01 6.40e-01 89.0000
14 78.0000 2.71e-01 6.45e-01 89.0000
15 79.0000 2.78e-01 5.69e-01 89.0000
16 78.0000 2.79e-01 6.37e-01 89.0000
17 78.0000 2.69e-01 7.03e-01 90.0000
18 77.0000 2.45e-01 7.00e-01 90.0000
19 78.0000 2.36e-01 6.96e-01 91.0000
20 77.0000 2.48e-01 7.12e-01 91.0000
21 77.0000 2.24e-01 7.03e-01 91.0000
22 77.0000 2.20e-01 7.63e-01 91.0000
23 76.0000 2.09e-01 7.98e-01 92.0000
24 78.0000 2.16e-01 7.38e-01 92.0000
25 78.0000 2.03e-01 7.56e-01 92.0000
26 77.0000 2.00e-01 7.68e-01 92.0000
27 78.0000 1.95e-01 7.77e-01 93.0000
28 77.0000 1.90e-01 8.28e-01 92.0000
29 77.0000 1.86e-01 8.37e-01 93.0000
30 76.0000 1.88e-01 8.73e-01 92.0000
31 78.0000 1.96e-01 8.36e-01 92.0000
32 78.0000 1.90e-01 7.36e-01 92.0000
33 77.0000 1.78e-01 9.06e-01 93.0000
34 77.0000 1.68e-01 8.55e-01 93.0000
35 77.0000 1.72e-01 8.43e-01 93.0000
36 78.0000 1.73e-01 8.23e-01 93.0000
37 78.0000 1.79e-01 7.87e-01 93.0000
38 76.0000 1.74e-01 8.90e-01 93.0000
39 77.0000 1.73e-01 8.52e-01 93.0000
40 76.0000 1.76e-01 8.93e-01 93.0000
41 76.0000 1.75e-01 9.03e-01 93.0000
42 75.0000 1.78e-01 8.98e-01 93.0000
43 77.0000 1.68e-01 8.66e-01 93.0000
44 77.0000 1.67e-01 8.73e-01 93.0000
45 76.0000 1.77e-01 9.12e-01 93.0000
46 75.0000 1.78e-01 9.90e-01 92.0000
47 76.0000 1.64e-01 9.26e-01 93.0000
48 75.0000 1.61e-01 9.34e-01 93.0000
49 75.0000 1.57e-01 1.01e+00 93.0000
50 78.0000 1.55e-01 8.69e-01 94.0000
51 76.0000 1.35e-01 1.03e+00 94.0000
52 76.0000 1.49e-01 9.29e-01 94.0000
53 78.0000 1.37e-01 9.39e-01 94.0000
54 78.0000 1.56e-01 9.45e-01 94.0000
55 76.0000 1.50e-01 9.77e-01 93.0000
56 77.0000 1.59e-01 9.94e-01 93.0000
57 75.0000 1.69e-01 1.01e+00 93.0000
58 77.0000 1.37e-01 9.99e-01 94.0000
59 79.0000 1.32e-01 9.04e-01 95.0000
60 78.0000 1.26e-01 1.01e+00 95.0000
61 77.0000 1.61e-01 1.02e+00 94.0000
62 78.0000 1.45e-01 9.35e-01 94.0000
63 78.0000 1.55e-01 1.00e+00 94.0000
64 78.0000 1.64e-01 9.61e-01 93.0000
65 78.0000 1.48e-01 1.03e+00 94.0000
66 77.0000 1.50e-01 1.18e+00 94.0000
67 74.0000 2.02e-01 1.12e+00 92.0000
68 76.0000 1.68e-01 1.10e+00 93.0000
69 75.0000 1.62e-01 1.10e+00 93.0000
70 77.0000 1.82e-01 1.06e+00 92.0000
71 78.0000 1.45e-01 9.77e-01 94.0000
72 76.0000 1.41e-01 1.00e+00 94.0000
73 75.0000 1.58e-01 1.08e+00 93.0000
74 75.0000 1.73e-01 1.03e+00 93.0000
75 76.0000 1.67e-01 9.89e-01 93.0000
76 76.0000 1.55e-01 1.07e+00 93.0000
77 78.0000 1.36e-01 9.98e-01 94.0000
78 76.0000 1.27e-01 1.10e+00 95.0000
79 74.0000 1.35e-01 1.08e+00 94.0000
80 75.0000 1.33e-01 1.08e+00 95.0000
81 75.0000 1.43e-01 1.09e+00 94.0000
82 73.0000 1.31e-01 1.19e+00 95.0000
83 74.0000 1.46e-01 1.13e+00 94.0000
84 76.0000 1.31e-01 1.19e+00 95.0000
85 76.0000 1.44e-01 1.20e+00 94.0000
86 76.0000 1.23e-01 1.18e+00 95.0000
87 72.0000 1.44e-01 1.47e+00 94.0000
88 74.0000 1.66e-01 1.21e+00 93.0000
89 77.0000 1.59e-01 1.08e+00 94.0000
90 78.0000 1.27e-01 1.12e+00 95.0000
91 76.0000 1.20e-01 1.18e+00 95.0000
92 76.0000 1.23e-01 1.21e+00 94.0000
93 77.0000 1.27e-01 1.18e+00 95.0000
94 76.0000 1.20e-01 1.20e+00 95.0000
95 74.0000 1.04e-01 1.19e+00 95.0000
96 77.0000 1.07e-01 1.09e+00 96.0000
97 78.0000 1.23e-01 1.09e+00 95.0000
98 76.0000 1.23e-01 1.17e+00 95.0000
99 77.0000 1.38e-01 1.15e+00 94.0000
100 76.0000 1.47e-01 1.29e+00 94.0000
101 76.0000 1.27e-01 1.23e+00 94.0000
102 74.0000 1.04e-01 1.19e+00 96.0000
103 78.0000 1.18e-01 1.21e+00 95.0000
104 77.0000 1.21e-01 1.15e+00 95.0000
105 78.0000 1.01e-01 1.16e+00 96.0000
106 77.0000 9.56e-02 1.15e+00 96.0000
107 77.0000 1.15e-01 1.22e+00 95.0000
108 77.0000 1.05e-01 1.14e+00 96.0000
109 78.0000 1.17e-01 1.18e+00 95.0000
110 77.0000 1.10e-01 1.18e+00 95.0000
111 78.0000 1.11e-01 1.15e+00 95.0000
112 78.0000 1.23e-01 1.17e+00 95.0000
113 78.0000 1.16e-01 1.21e+00 95.0000
114 77.0000 1.36e-01 1.26e+00 94.0000
115 76.0000 1.21e-01 1.21e+00 95.0000
116 76.0000 1.16e-01 1.25e+00 95.0000
117 77.0000 1.09e-01 1.22e+00 96.0000
118 77.0000 1.03e-01 1.18e+00 96.0000
119 78.0000 9.58e-02 1.20e+00 96.0000
120 77.0000 1.20e-01 1.21e+00 95.0000
121 76.0000 1.22e-01 1.32e+00 95.0000
122 76.0000 1.18e-01 1.28e+00 95.0000
123 77.0000 1.10e-01 1.26e+00 95.0000
124 78.0000 1.20e-01 1.18e+00 95.0000
125 77.0000 1.13e-01 1.19e+00 95.0000
126 77.0000 1.08e-01 1.18e+00 96.0000
127 77.0000 8.43e-02 1.21e+00 97.0000
128 79.0000 9.97e-02 1.19e+00 96.0000
129 78.0000 9.66e-02 1.21e+00 96.0000
130 77.0000 1.08e-01 1.17e+00 96.0000
131 74.0000 1.02e-01 1.24e+00 96.0000
132 77.0000 1.03e-01 1.26e+00 96.0000
133 77.0000 1.22e-01 1.30e+00 95.0000
134 80.0000 1.16e-01 1.20e+00 95.0000
135 78.0000 1.10e-01 1.24e+00 96.0000
136 80.0000 9.88e-02 1.17e+00 96.0000
137 78.0000 1.10e-01 1.35e+00 95.0000
138 78.0000 1.22e-01 1.30e+00 95.0000
139 77.0000 1.18e-01 1.25e+00 95.0000
140 77.0000 1.25e-01 1.27e+00 95.0000
141 79.0000 1.29e-01 1.33e+00 95.0000
142 80.0000 1.33e-01 1.20e+00 94.0000
143 80.0000 1.14e-01 1.14e+00 95.0000
144 78.0000 1.20e-01 1.31e+00 95.0000
145 77.0000 1.04e-01 1.32e+00 96.0000
146 76.0000 9.68e-02 1.31e+00 96.0000
147 78.0000 8.98e-02 1.30e+00 96.0000
148 77.0000 9.25e-02 1.36e+00 96.0000
149 77.0000 1.04e-01 1.40e+00 95.0000
150 76.0000 1.00e-01 1.37e+00 96.0000
151 78.0000 9.96e-02 1.26e+00 96.0000
152 78.0000 7.94e-02 1.33e+00 97.0000
153 78.0000 9.11e-02 1.27e+00 96.0000
154 76.0000 8.77e-02 1.33e+00 96.0000
155 77.0000 9.02e-02 1.32e+00 96.0000
156 77.0000 1.01e-01 1.31e+00 96.0000
157 76.0000 8.41e-02 1.37e+00 96.0000
158 76.0000 8.26e-02 1.39e+00 97.0000
159 77.0000 1.04e-01 1.27e+00 96.0000
160 77.0000 8.93e-02 1.24e+00 96.0000
161 78.0000 1.16e-01 1.28e+00 95.0000
162 75.0000 1.08e-01 1.47e+00 96.0000
163 76.0000 9.21e-02 1.42e+00 96.0000
164 75.0000 8.88e-02 1.49e+00 96.0000
165 75.0000 1.05e-01 1.55e+00 96.0000
166 77.0000 1.28e-01 1.37e+00 95.0000
167 78.0000 1.21e-01 1.34e+00 95.0000
168 77.0000 1.29e-01 1.36e+00 95.0000
169 78.0000 1.19e-01 1.41e+00 96.0000
170 79.0000 1.15e-01 1.34e+00 96.0000
171 78.0000 9.63e-02 1.34e+00 96.0000
172 78.0000 8.83e-02 1.38e+00 96.0000
173 77.0000 6.69e-02 1.36e+00 97.0000
174 78.0000 6.54e-02 1.36e+00 97.0000
175 79.0000 6.17e-02 1.32e+00 97.0000
176 78.0000 7.94e-02 1.38e+00 96.0000
177 78.0000 9.10e-02 1.37e+00 96.0000
178 77.0000 1.13e-01 1.38e+00 95.0000
179 77.0000 1.05e-01 1.48e+00 95.0000
180 76.0000 1.34e-01 1.36e+00 95.0000
181 79.0000 1.40e-01 1.38e+00 94.0000
182 77.0000 1.04e-01 1.38e+00 95.0000
183 77.0000 1.10e-01 1.47e+00 95.0000
184 76.0000 1.25e-01 1.40e+00 95.0000
185 77.0000 1.19e-01 1.38e+00 95.0000
186 79.0000 1.05e-01 1.25e+00 96.0000
187 77.0000 8.02e-02 1.39e+00 97.0000
188 79.0000 8.74e-02 1.35e+00 96.0000
189 78.0000 8.98e-02 1.35e+00 96.0000
190 77.0000 1.21e-01 1.45e+00 95.0000
191 77.0000 8.74e-02 1.36e+00 96.0000
192 78.0000 8.22e-02 1.35e+00 97.0000
193 77.0000 7.74e-02 1.41e+00 97.0000
194 79.0000 8.47e-02 1.35e+00 96.0000
195 77.0000 9.76e-02 1.54e+00 96.0000
196 78.0000 9.56e-02 1.44e+00 96.0000
197 78.0000 9.42e-02 1.48e+00 96.0000
198 79.0000 8.04e-02 1.42e+00 97.0000
199 78.0000 7.99e-02 1.45e+00 96.0000
200 78.0000 7.47e-02 1.48e+00 97.0000
201 76.0000 8.53e-02 1.53e+00 96.0000
202 77.0000 8.98e-02 1.59e+00 96.0000
203 78.0000 9.91e-02 1.53e+00 96.0000
204 79.0000 1.26e-01 1.47e+00 95.0000
205 78.0000 9.18e-02 1.48e+00 96.0000
206 77.0000 8.48e-02 1.42e+00 96.0000
207 77.0000 8.07e-02 1.45e+00 97.0000
208 77.0000 9.55e-02 1.53e+00 96.0000
209 78.0000 1.01e-01 1.49e+00 96.0000
210 79.0000 1.06e-01 1.49e+00 95.0000
211 78.0000 9.96e-02 1.53e+00 96.0000
212 79.0000 8.59e-02 1.48e+00 97.0000
213 78.0000 9.30e-02 1.45e+00 96.0000
214 78.0000 9.27e-02 1.53e+00 96.0000
215 76.0000 8.41e-02 1.60e+00 96.0000
216 79.0000 9.82e-02 1.53e+00 96.0000
217 77.0000 8.31e-02 1.54e+00 97.0000
218 77.0000 7.62e-02 1.57e+00 97.0000
219 77.0000 9.18e-02 1.53e+00 96.0000
220 77.0000 8.89e-02 1.53e+00 96.0000
221 77.0000 1.11e-01 1.56e+00 96.0000
222 77.0000 1.07e-01 1.62e+00 96.0000
223 77.0000 1.24e-01 1.67e+00 95.0000
224 78.0000 1.03e-01 1.61e+00 96.0000
225 78.0000 9.26e-02 1.73e+00 96.0000
226 77.0000 1.12e-01 1.60e+00 95.0000
227 76.0000 9.57e-02 1.69e+00 96.0000
228 77.0000 1.01e-01 1.66e+00 96.0000
229 78.0000 1.04e-01 1.66e+00 96.0000
230 78.0000 1.12e-01 1.64e+00 96.0000
231 76.0000 9.71e-02 1.66e+00 96.0000
232 77.0000 1.09e-01 1.67e+00 96.0000
233 77.0000 8.77e-02 1.61e+00 96.0000
234 77.0000 9.06e-02 1.63e+00 96.0000
235 78.0000 7.62e-02 1.60e+00 97.0000
236 77.0000 7.12e-02 1.65e+00 97.0000
237 77.0000 7.08e-02 1.64e+00 97.0000
238 77.0000 6.61e-02 1.63e+00 97.0000
239 77.0000 6.41e-02 1.64e+00 97.0000
240 77.0000 7.03e-02 1.64e+00 97.0000
241 78.0000 6.94e-02 1.60e+00 97.0000
242 78.0000 6.69e-02 1.60e+00 97.0000
243 78.0000 8.24e-02 1.64e+00 96.0000
244 77.0000 9.28e-02 1.59e+00 96.0000
245 77.0000 1.12e-01 1.68e+00 96.0000
246 78.0000 8.67e-02 1.69e+00 96.0000
247 78.0000 8.87e-02 1.65e+00 97.0000
248 78.0000 8.48e-02 1.65e+00 96.0000
249 79.0000 9.35e-02 1.44e+00 96.0000
250 78.0000 1.03e-01 1.52e+00 96.0000
251 78.0000 1.09e-01 1.54e+00 96.0000
252 78.0000 8.79e-02 1.54e+00 97.0000
253 78.0000 9.52e-02 1.47e+00 96.0000
254 78.0000 8.18e-02 1.57e+00 97.0000
255 79.0000 7.72e-02 1.53e+00 97.0000
256 77.0000 6.73e-02 1.64e+00 97.0000
257 78.0000 6.85e-02 1.55e+00 97.0000
258 78.0000 7.14e-02 1.48e+00 97.0000
259 76.0000 7.53e-02 1.67e+00 97.0000
260 75.0000 8.45e-02 1.75e+00 97.0000
261 77.0000 7.03e-02 1.71e+00 97.0000
262 77.0000 7.71e-02 1.61e+00 97.0000
263 78.0000 6.73e-02 1.66e+00 97.0000
264 78.0000 7.92e-02 1.71e+00 97.0000
265 78.0000 8.23e-02 1.69e+00 97.0000
266 76.0000 1.36e-01 1.74e+00 95.0000
267 77.0000 1.08e-01 1.73e+00 96.0000
268 77.0000 8.69e-02 1.80e+00 96.0000
269 77.0000 8.05e-02 1.70e+00 97.0000
270 76.0000 7.13e-02 1.69e+00 97.0000
271 78.0000 6.28e-02 1.69e+00 97.0000
272 78.0000 7.26e-02 1.72e+00 97.0000
273 77.0000 7.95e-02 1.69e+00 97.0000
274 77.0000 7.82e-02 1.78e+00 97.0000
275 76.0000 7.49e-02 1.71e+00 97.0000
276 77.0000 8.41e-02 1.61e+00 96.0000
277 77.0000 8.51e-02 1.60e+00 97.0000
278 75.0000 9.14e-02 1.71e+00 96.0000
279 77.0000 1.06e-01 1.80e+00 96.0000
280 77.0000 1.39e-01 1.75e+00 95.0000
281 77.0000 1.06e-01 1.67e+00 95.0000
282 77.0000 8.89e-02 1.69e+00 96.0000
283 76.0000 8.06e-02 1.71e+00 97.0000
284 78.0000 7.34e-02 1.62e+00 97.0000
285 79.0000 7.06e-02 1.73e+00 97.0000
286 78.0000 5.39e-02 1.77e+00 97.0000
287 79.0000 4.75e-02 1.73e+00 98.0000
288 77.0000 5.37e-02 1.80e+00 98.0000
289 78.0000 6.78e-02 1.75e+00 97.0000
290 77.0000 7.37e-02 1.76e+00 97.0000
291 77.0000 7.88e-02 1.85e+00 97.0000
292 77.0000 8.80e-02 1.86e+00 96.0000
293 78.0000 8.19e-02 1.75e+00 97.0000
294 77.0000 7.62e-02 1.79e+00 97.0000
295 76.0000 6.89e-02 1.72e+00 97.0000
296 77.0000 7.19e-02 1.73e+00 97.0000
297 78.0000 5.51e-02 1.73e+00 98.0000
298 77.0000 6.01e-02 1.84e+00 97.0000
299 77.0000 6.29e-02 1.72e+00 97.0000
300 77.0000 6.58e-02 1.72e+00 97.0000
301 77.0000 8.45e-02 1.81e+00 96.0000
302 76.0000 1.17e-01 1.86e+00 96.0000
303 78.0000 8.50e-02 1.73e+00 96.0000
304 77.0000 7.60e-02 1.69e+00 97.0000
305 77.0000 7.75e-02 1.80e+00 97.0000
306 79.0000 7.28e-02 1.57e+00 97.0000
307 78.0000 8.90e-02 1.62e+00 96.0000
308 77.0000 9.49e-02 1.71e+00 96.0000
309 77.0000 8.30e-02 1.71e+00 97.0000
310 77.0000 6.92e-02 1.74e+00 97.0000
311 78.0000 6.10e-02 1.65e+00 97.0000
312 78.0000 7.31e-02 1.67e+00 97.0000
313 77.0000 6.45e-02 1.74e+00 97.0000
314 79.0000 7.87e-02 1.72e+00 97.0000
315 78.0000 6.56e-02 1.73e+00 97.0000
316 75.0000 9.10e-02 1.88e+00 96.0000
317 79.0000 8.08e-02 1.80e+00 97.0000
318 78.0000 5.91e-02 1.77e+00 98.0000
319 78.0000 6.24e-02 1.69e+00 97.0000
320 77.0000 6.91e-02 1.82e+00 97.0000
321 77.0000 6.90e-02 1.85e+00 97.0000
322 76.0000 7.48e-02 1.88e+00 97.0000
323 77.0000 8.91e-02 1.73e+00 96.0000
324 77.0000 8.97e-02 1.69e+00 97.0000
325 78.0000 8.33e-02 1.62e+00 96.0000
326 77.0000 7.32e-02 1.67e+00 97.0000
327 77.0000 5.79e-02 1.68e+00 97.0000
328 77.0000 7.11e-02 1.81e+00 97.0000
329 78.0000 8.04e-02 1.74e+00 97.0000
330 78.0000 6.67e-02 1.74e+00 97.0000
331 77.0000 7.17e-02 1.79e+00 97.0000
332 78.0000 7.57e-02 1.69e+00 97.0000
333 78.0000 6.79e-02 1.60e+00 97.0000
334 78.0000 5.87e-02 1.76e+00 97.0000
335 78.0000 7.40e-02 1.75e+00 97.0000
336 76.0000 6.66e-02 1.76e+00 97.0000
337 77.0000 6.98e-02 1.78e+00 97.0000
338 77.0000 7.60e-02 1.76e+00 97.0000
339 75.0000 7.77e-02 1.87e+00 97.0000
340 75.0000 8.54e-02 1.75e+00 97.0000
341 77.0000 8.83e-02 1.74e+00 96.0000
342 75.0000 6.90e-02 1.69e+00 97.0000
343 76.0000 7.59e-02 1.79e+00 97.0000
344 76.0000 6.57e-02 1.71e+00 97.0000
345 77.0000 6.66e-02 1.71e+00 97.0000
346 77.0000 6.46e-02 1.68e+00 97.0000
347 76.0000 7.75e-02 1.80e+00 97.0000
348 76.0000 1.12e-01 1.88e+00 96.0000
349 73.0000 9.88e-02 1.99e+00 97.0000
350 76.0000 9.83e-02 1.85e+00 96.0000
351 77.0000 8.16e-02 1.87e+00 97.0000
352 76.0000 6.68e-02 1.80e+00 97.0000
353 76.0000 6.29e-02 1.93e+00 97.0000
354 76.0000 6.61e-02 1.78e+00 97.0000
355 76.0000 8.79e-02 1.91e+00 96.0000
356 76.0000 7.37e-02 1.90e+00 97.0000
357 76.0000 7.72e-02 1.96e+00 97.0000
358 75.0000 7.13e-02 1.99e+00 97.0000
359 76.0000 5.90e-02 1.96e+00 98.0000
360 76.0000 7.71e-02 1.98e+00 97.0000
361 74.0000 7.77e-02 1.97e+00 97.0000
362 76.0000 8.63e-02 1.83e+00 97.0000
363 76.0000 5.36e-02 1.86e+00 97.0000
364 77.0000 5.73e-02 1.88e+00 98.0000
365 76.0000 4.88e-02 1.88e+00 98.0000
366 76.0000 6.03e-02 1.86e+00 97.0000
367 76.0000 4.77e-02 1.91e+00 98.0000
368 77.0000 3.90e-02 1.88e+00 98.0000
369 75.0000 6.17e-02 1.97e+00 97.0000
370 76.0000 7.66e-02 1.85e+00 97.0000
371 77.0000 7.25e-02 1.82e+00 97.0000
372 77.0000 5.11e-02 1.83e+00 98.0000
373 77.0000 5.26e-02 1.82e+00 98.0000
374 75.0000 4.96e-02 1.89e+00 98.0000
375 77.0000 6.19e-02 1.82e+00 97.0000
376 77.0000 5.50e-02 1.82e+00 98.0000
377 77.0000 6.15e-02 1.86e+00 97.0000
378 75.0000 7.56e-02 1.97e+00 97.0000
379 74.0000 1.09e-01 1.93e+00 96.0000
380 76.0000 9.02e-02 1.90e+00 97.0000
381 75.0000 9.76e-02 1.96e+00 96.0000
382 76.0000 7.70e-02 1.91e+00 97.0000
383 76.0000 7.29e-02 1.95e+00 97.0000
384 74.0000 8.36e-02 2.23e+00 97.0000
385 75.0000 9.00e-02 2.18e+00 97.0000
386 72.0000 7.74e-02 2.25e+00 97.0000
387 74.0000 7.40e-02 2.17e+00 97.0000
388 75.0000 7.01e-02 2.11e+00 97.0000
389 75.0000 5.63e-02 2.16e+00 98.0000
390 75.0000 5.85e-02 2.13e+00 97.0000
391 75.0000 5.48e-02 2.14e+00 98.0000
392 74.0000 5.51e-02 2.13e+00 98.0000
393 74.0000 5.41e-02 2.11e+00 98.0000
394 75.0000 5.89e-02 2.17e+00 97.0000
395 75.0000 5.70e-02 2.21e+00 98.0000
396 75.0000 5.04e-02 2.17e+00 98.0000
397 74.0000 5.86e-02 2.18e+00 98.0000
398 75.0000 6.81e-02 2.09e+00 97.0000
399 75.0000 6.42e-02 2.10e+00 97.0000
